22 0 0 0 71 5
99 0 0 0 0 0
0 99 0 0 0 0
99 0 0 0 0 0
0 99 0 0 0 0
99 0 0 0 0 0
0 99 0 0 0 0
0 99 0 0 0 0
0 68 6 2 0 21
0 69 5 1 0 23
0 99 0 0 0 0
0 0 0 0 0 99
0 99 0 0 0 0
0 99 0 0 0 0
0 99 0 0 0 0
0 99 0 0 0 0
0 99 0 0 0 0
0 99 0 0 0 0
0 99 0 0 0 0
0 99 0 0 0 0
0 99 0 0 0 0
0 99 0 0 0 0
0 99 0 0 0 0
0 73 26 0 0 0
0 99 0 0 0 0
0 0 0 0 0 99
0 0 0 0 0 99
0 99 0 0 0 0
0 99 0 0 0 0
0 99 0 0 0 0
82 0 0 0 17 0
99 0 0 0 0 0
0 99 0 0 0 0
0 99 0 0 0 0
0 99 0 0 0 0
0 99 0 0 0 0
0 39 0 0 0 60
0 98 0 0 0 1
0 64 35 0 0 0
0 78 21 0 0 0
2 75 0 1 0 19
0 99 0 0 0 0
0 98 0 0 0 0
0 99 0 0 0 0
0 94 0 0 0 5
0 99 0 0 0 0
99 0 0 0 0 0
99 0 0 0 0 0
99 0 0 0 0 0
93 4 0 0 0 1
0 99 0 0 0 0
99 0 0 0 0 0
99 0 0 0 0 0
99 0 0 0 0 0
99 0 0 0 0 0
99 0 0 0 0 0
99 0 0 0 0 0
99 0 0 0 0 0
99 0 0 0 0 0
0 2 0 0 0 95
99 0 0 0 0 0
99 0 0 0 0 0
99 0 0 0 0 0
99 0 0 0 0 0
99 0 0 0 0 0
0 99 0 0 0 0
99 0 0 0 0 0
4 95 0 0 0 0
99 0 0 0 0 0
99 0 0 0 0 0
58 40 0 0 0 0
8 1 0 0 71 18
99 0 0 0 0 0
0 99 0 0 0 0
0 99 0 0 0 0
0 28 11 0 0 59
0 99 0 0 0 0
0 99 0 0 0 0
0 99 0 0 0 0
0 99 0 0 0 0
0 99 0 0 0 0
0 99 0 0 0 0
99 0 0 0 0 0
0 0 0 0 0 99
0 99 0 0 0 0
0 0 0 0 0 99
0 1 0 0 0 97
0 0 0 0 0 99
0 0 0 0 0 99
0 0 0 0 0 99
0 0 0 0 0 99
0 99 0 0 0 0
99 0 0 0 0 0
0 99 0 0 0 0
0 99 0 0 0 0
0 99 0 0 0 0
0 51 5 0 15 27
0 99 0 0 0 0
99 0 0 0 0 0
0 85 0 0 0 14
0 24 0 0 0 75
0 72 0 0 26 0
0 98 0 0 0 0
0 66 32 0 0 0
0 69 28 0 0 1
0 99 0 0 0 0
0 99 0 0 0 0
99 0 0 0 0 0
99 0 0 0 0 0
99 0 0 0 0 0
99 0 0 0 0 0
99 0 0 0 0 0
99 0 0 0 0 0
99 0 0 0 0 0
99 0 0 0 0 0
99 0 0 0 0 0
0 99 0 0 0 0
99 0 0 0 0 0
99 0 0 0 0 0
99 0 0 0 0 0
99 0 0 0 0 0
99 0 0 0 0 0
0 99 0 0 0 0
99 0 0 0 0 0
99 0 0 0 0 0
99 0 0 0 0 0
0 99 0 0 0 0
0 5 0 0 94 0
0 99 0 0 0 0
0 99 0 0 0 0
0 99 0 0 0 0
0 99 0 0 0 0
0 99 0 0 0 0
0 99 0 0 0 0
99 0 0 0 0 0
0 1 0 0 0 98
0 1 0 0 0 98
0 99 0 0 0 0
0 0 0 0 0 99
0 0 0 0 0 99
0 0 0 0 0 99
0 0 0 0 0 99
0 0 0 0 0 99
0 99 0 0 0 0
99 0 0 0 0 0
99 0 0 0 0 0
0 99 0 0 0 0
0 99 0 0 0 0
0 0 0 0 0 99
0 99 0 0 0 0
0 99 0 0 0 0
0 89 3 0 0 6
0 41 0 0 0 57
0 99 0 0 0 0
0 0 0 0 0 99
0 65 34 0 0 0
99 0 0 0 0 0
0 0 99 0 0 0
0 99 0 0 0 0
0 47 2 3 0 46
99 0 0 0 0 0
0 2 0 0 0 96
99 0 0 0 0 0
99 0 0 0 0 0
99 0 0 0 0 0
99 0 0 0 0 0
99 0 0 0 0 0
0 92 0 0 0 7
99 0 0 0 0 0
0 13 79 0 3 3
0 99 0 0 0 0
99 0 0 0 0 0
99 0 0 0 0 0
99 0 0 0 0 0
99 0 0 0 0 0
99 0 0 0 0 0
99 0 0 0 0 0
99 0 0 0 0 0
0 0 99 0 0 0
0 99 0 0 0 0
0 1 0 0 97 0
99 0 0 0 0 0
0 99 0 0 0 0
0 99 0 0 0 0
0 0 0 0 0 99
99 0 0 0 0 0
0 99 0 0 0 0
0 99 0 0 0 0
99 0 0 0 0 0
0 0 1 0 0 98
99 0 0 0 0 0
0 99 0 0 0 0
0 99 0 0 0 0
99 0 0 0 0 0
0 0 0 0 0 99
0 0 0 0 0 99
0 0 0 0 0 99
0 99 0 0 0 0
0 99 0 0 0 0
0 99 0 0 0 0
0 99 0 0 0 0
0 99 0 0 0 0
0 2 16 0 0 81
0 87 0 0 0 12
0 95 0 0 0 3
0 99 0 0 0 0
0 96 0 0 0 3
0 58 0 0 0 40
0 1 0 0 0 97
0 0 0 0 99 0
0 32 7 3 0 56
0 0 99 0 0 0
0 0 99 0 0 0
0 78 0 0 0 20
0 3 95 0 0 0
99 0 0 0 0 0
99 0 0 0 0 0
0 99 0 0 0 0
99 0 0 0 0 0
99 0 0 0 0 0
0 99 0 0 0 0
0 95 0 0 0 3
99 0 0 0 0 0
99 0 0 0 0 0
62 32 0 0 0 4
99 0 0 0 0 0
0 0 99 0 0 0
99 0 0 0 0 0
99 0 0 0 0 0
99 0 0 0 0 0
0 1 98 0 0 0
0 6 87 0 0 5
0 99 0 0 0 0
0 99 0 0 0 0
0 99 0 0 0 0
0 99 0 0 0 0
0 99 0 0 0 0
0 99 0 0 0 0
0 99 0 0 0 0
0 99 0 0 0 0
0 99 0 0 0 0
0 99 0 0 0 0
0 99 0 0 0 0
0 99 0 0 0 0
0 0 0 0 0 99
0 2 27 0 0 70
0 0 0 0 0 99
0 99 0 0 0 0
0 99 0 0 0 0
0 98 1 0 0 0
0 99 0 0 0 0
0 99 0 0 0 0
0 0 0 0 0 99
99 0 0 0 0 0
0 99 0 0 0 0
0 98 0 0 0 1
0 95 0 0 0 4
0 94 0 0 0 5
0 99 0 0 0 0
65 33 0 0 0 0
0 84 13 0 0 1
99 0 0 0 0 0
0 87 2 0 0 10
99 0 0 0 0 0
0 89 0 0 0 10
0 45 0 0 0 53
99 0 0 0 0 0
0 99 0 0 0 0
99 0 0 0 0 0
0 96 0 0 0 3
99 0 0 0 0 0
99 0 0 0 0 0
99 0 0 0 0 0
99 0 0 0 0 0
99 0 0 0 0 0
99 0 0 0 0 0
99 0 0 0 0 0
0 68 0 0 1 29
99 0 0 0 0 0
0 98 1 0 0 0
0 46 0 0 0 52
0 99 0 0 0 0
0 99 0 0 0 0
0 8 91 0 0 0
0 90 5 1 0 3
0 99 0 0 0 0
99 0 0 0 0 0
0 99 0 0 0 0
0 0 0 0 0 99
0 99 0 0 0 0
0 99 0 0 0 0
0 0 0 0 0 99
0 99 0 0 0 0
0 99 0 0 0 0
0 0 0 0 0 99
0 99 0 0 0 0
0 0 0 0 0 99
0 0 0 0 0 99
0 99 0 0 0 0
0 99 0 0 0 0
0 0 0 0 0 99
99 0 0 0 0 0
0 99 0 0 0 0
0 99 0 0 0 0
99 0 0 0 0 0
0 39 0 0 0 59
0 99 0 0 0 0
0 84 0 0 0 14
0 22 31 0 0 45
0 9 0 0 0 89
0 28 70 0 0 0
0 99 0 0 0 0
0 89 0 0 0 10
0 96 0 0 0 2
99 0 0 0 0 0
0 88 0 0 0 10
99 0 0 0 0 0
0 99 0 0 0 0
98 0 1 0 0 0
99 0 0 0 0 0
0 99 0 0 0 0
99 0 0 0 0 0
0 99 0 0 0 0
99 0 0 0 0 0
99 0 0 0 0 0
99 0 0 0 0 0
99 0 0 0 0 0
0 99 0 0 0 0
99 0 0 0 0 0
99 0 0 0 0 0
99 0 0 0 0 0
99 0 0 0 0 0
0 99 0 0 0 0
0 99 0 0 0 0
0 87 12 0 0 0
0 99 0 0 0 0
0 99 0 0 0 0
0 99 0 0 0 0
0 99 0 0 0 0
0 0 0 0 0 99
0 99 0 0 0 0
99 0 0 0 0 0
0 99 0 0 0 0
0 0 0 0 0 99
0 99 0 0 0 0
0 99 0 0 0 0
99 0 0 0 0 0
0 0 0 0 0 99
0 99 0 0 0 0
0 99 0 0 0 0
0 99 0 0 0 0
0 99 0 0 0 0
0 99 0 0 0 0
0 99 0 0 0 0
0 99 0 0 0 0
0 99 0 0 0 0
0 99 0 0 0 0
0 10 2 0 0 87
0 69 0 0 0 29
0 46 16 0 0 36
0 99 0 0 0 0
0 88 0 0 0 10
0 95 0 0 0 3
0 1 94 0 0 4
0 47 1 31 15 5
0 41 58 0 0 0
99 0 0 0 0 0
0 99 0 0 0 0
90 0 7 2 0 0
99 0 0 0 0 0
99 0 0 0 0 0
99 0 0 0 0 0
99 0 0 0 0 0
99 0 0 0 0 0
99 0 0 0 0 0
99 0 0 0 0 0
99 0 0 0 0 0
99 0 0 0 0 0
99 0 0 0 0 0
99 0 0 0 0 0
0 99 0 0 0 0
0 0 0 0 99 0
99 0 0 0 0 0
0 78 5 9 0 6
0 89 10 0 0 0
1 98 0 0 0 0
0 99 0 0 0 0
0 0 99 0 0 0
0 99 0 0 0 0
0 0 1 0 0 98
0 95 0 0 0 4
0 0 8 0 0 91
0 99 0 0 0 0
0 99 0 0 0 0
0 99 0 0 0 0
0 99 0 0 0 0
0 99 0 0 0 0
0 0 0 0 0 99
0 0 0 0 0 99
99 0 0 0 0 0
99 0 0 0 0 0
0 99 0 0 0 0
0 99 0 0 0 0
0 99 0 0 0 0
0 98 0 0 0 1
36 0 0 0 0 62
0 22 1 0 4 71
99 0 0 0 0 0
0 91 0 0 0 7
0 99 0 0 0 0
0 95 0 0 0 4
0 60 8 0 0 30
0 79 8 0 0 11
0 67 2 0 0 29
0 99 0 0 0 0
99 0 0 0 0 0
99 0 0 0 0 0
0 99 0 0 0 0
99 0 0 0 0 0
99 0 0 0 0 0
0 0 10 8 80 0
99 0 0 0 0 0
99 0 0 0 0 0
0 99 0 0 0 0
99 0 0 0 0 0
0 89 0 0 0 10
99 0 0 0 0 0
99 0 0 0 0 0
99 0 0 0 0 0
99 0 0 0 0 0
99 0 0 0 0 0
0 0 0 0 0 99
0 53 0 0 0 45
0 4 0 0 0 95
0 99 0 0 0 0
99 0 0 0 0 0
0 92 0 0 0 6
0 0 0 0 0 99
0 99 0 0 0 0
0 98 0 0 0 1
0 99 0 0 0 0
0 0 0 0 99 0
0 99 0 0 0 0
0 99 0 0 0 0
0 2 0 0 0 97
0 99 0 0 0 0
0 99 0 0 0 0
0 0 0 0 0 98
0 0 0 0 0 99
0 0 0 0 0 99
0 99 0 0 0 0
0 98 0 0 0 1
0 99 0 0 0 0
0 99 0 0 0 0
0 99 0 0 0 0
0 99 0 0 0 0
0 99 0 0 0 0
0 99 0 0 0 0
64 30 0 0 0 3
0 99 0 0 0 0
8 86 1 0 0 3
0 84 9 0 0 5
0 80 1 0 0 18
1 92 0 0 1 4
0 27 71 1 0 0
99 0 0 0 0 0
0 99 0 0 0 0
0 0 0 0 0 99
99 0 0 0 0 0
0 3 0 94 1 0
0 0 99 0 0 0
99 0 0 0 0 0
97 0 2 0 0 0
98 0 0 0 0 0
99 0 0 0 0 0
99 0 0 0 0 0
0 99 0 0 0 0
99 0 0 0 0 0
0 0 0 0 0 99
99 0 0 0 0 0
99 0 0 0 0 0
99 0 0 0 0 0
0 0 0 0 98 0
0 0 0 0 99 0
0 99 0 0 0 0
0 78 0 0 0 20
99 0 0 0 0 0
99 0 0 0 0 0
0 99 0 0 0 0
0 99 0 0 0 0
0 99 0 0 0 0
99 0 0 0 0 0
0 0 0 0 0 99
0 0 0 0 0 99
0 99 0 0 0 0
0 0 0 0 0 99
0 99 0 0 0 0
0 99 0 0 0 0
0 99 0 0 0 0
0 98 1 0 0 0
0 0 0 0 0 99
2 28 0 0 0 68
0 99 0 0 0 0
0 99 0 0 0 0
0 99 0 0 0 0
0 99 0 0 0 0
0 99 0 0 0 0
99 0 0 0 0 0
0 99 0 0 0 0
0 99 0 0 0 0
99 0 0 0 0 0
99 0 0 0 0 0
0 99 0 0 0 0
0 99 0 0 0 0
0 97 0 0 0 1
0 97 2 0 0 0
99 0 0 0 0 0
99 0 0 0 0 0
0 99 0 0 0 0
99 0 0 0 0 0
0 0 0 0 0 99
99 0 0 0 0 0
99 0 0 0 0 0
99 0 0 0 0 0
99 0 0 0 0 0
99 0 0 0 0 0
99 0 0 0 0 0
99 0 0 0 0 0
99 0 0 0 0 0
99 0 0 0 0 0
99 0 0 0 0 0
0 99 0 0 0 0
99 0 0 0 0 0
99 0 0 0 0 0
0 99 0 0 0 0
99 0 0 0 0 0
0 95 0 4 0 0
99 0 0 0 0 0
0 99 0 0 0 0
99 0 0 0 0 0
0 99 0 0 0 0
0 99 0 0 0 0
99 0 0 0 0 0
0 99 0 0 0 0
0 99 0 0 0 0
0 0 0 0 0 99
0 99 0 0 0 0
0 99 0 0 0 0
0 99 0 0 0 0
0 0 0 0 0 99
0 82 17 0 0 0
0 0 0 0 0 99
0 99 0 0 0 0
0 99 0 0 0 0
0 99 0 0 0 0
0 99 0 0 0 0
0 7 0 0 0 91
0 94 0 0 0 5
0 99 0 0 0 0
0 99 0 0 0 0
49 49 0 0 0 0
99 0 0 0 0 0
0 7 3 0 0 89
0 80 0 1 0 17
0 42 0 7 0 48
0 99 0 0 0 0
99 0 0 0 0 0
0 0 0 97 0 1
99 0 0 0 0 0
99 0 0 0 0 0
0 0 0 0 0 99
99 0 0 0 0 0
99 0 0 0 0 0
99 0 0 0 0 0
99 0 0 0 0 0
99 0 0 0 0 0
99 0 0 0 0 0
99 0 0 0 0 0
0 0 0 0 0 99
34 2 0 0 61 1
99 0 0 0 0 0
99 0 0 0 0 0
99 0 0 0 0 0
0 6 8 1 0 82
99 0 0 0 0 0
17 76 0 0 0 5
0 99 0 0 0 0
0 99 0 0 0 0
0 99 0 0 0 0
0 99 0 0 0 0
0 99 0 0 0 0
99 0 0 0 0 0
0 99 0 0 0 0
0 99 0 0 0 0
0 99 0 0 0 0
0 99 0 0 0 0
0 0 0 0 0 99
0 99 0 0 0 0
0 99 0 0 0 0
99 0 0 0 0 0
0 0 0 0 0 99
0 99 0 0 0 0
0 99 0 0 0 0
99 0 0 0 0 0
0 31 6 0 0 61
0 99 0 0 0 0
0 51 23 0 0 24
5 77 0 0 0 16
99 0 0 0 0 0
4 0 0 0 5 88
0 90 0 5 0 4
13 1 0 9 0 75
99 0 0 0 0 0
0 99 0 0 0 0
0 63 0 0 0 35
99 0 0 0 0 0
0 0 6 76 15 0
0 99 0 0 0 0
99 0 0 0 0 0
0 99 0 0 0 0
99 0 0 0 0 0
99 0 0 0 0 0
99 0 0 0 0 0
99 0 0 0 0 0
99 0 0 0 0 0
0 0 0 0 99 0
99 0 0 0 0 0
97 0 2 0 0 0
99 0 0 0 0 0
0 99 0 0 0 0
99 0 0 0 0 0
0 99 0 0 0 0
0 99 0 0 0 0
0 99 0 0 0 0
0 99 0 0 0 0
0 99 0 0 0 0
0 0 0 0 0 98
0 99 0 0 0 0
0 99 0 0 0 0
0 99 0 0 0 0
0 99 0 0 0 0
0 0 0 0 0 99
0 99 0 0 0 0
0 0 0 0 0 99
0 99 0 0 0 0
0 99 0 0 0 0
0 99 0 0 0 0
0 99 0 0 0 0
0 99 0 0 0 0
0 99 0 0 0 0
0 99 0 0 0 0
0 99 0 0 0 0
0 1 98 0 0 0
0 99 0 0 0 0
0 98 0 0 0 0
99 0 0 0 0 0
0 99 0 0 0 0
0 99 0 0 0 0
0 99 0 0 0 0
0 1 0 2 0 96
0 96 2 0 0 0
12 1 0 21 62 1
97 0 1 0 0 0
99 0 0 0 0 0
99 0 0 0 0 0
1 90 0 0 0 7
0 99 0 0 0 0
0 99 0 0 0 0
99 0 0 0 0 0
99 0 0 0 0 0
99 0 0 0 0 0
0 99 0 0 0 0
0 5 0 0 0 93
99 0 0 0 0 0
24 74 0 0 0 0
0 99 0 0 0 0
0 99 0 0 0 0
0 65 0 0 0 33
0 99 0 0 0 0
0 84 0 0 0 14
0 99 0 0 0 0
99 0 0 0 0 0
0 99 0 0 0 0
0 99 0 0 0 0
0 99 0 0 0 0
0 0 11 0 0 87
0 0 0 0 0 99
0 0 0 0 0 99
0 99 0 0 0 0
0 0 0 0 0 99
0 99 0 0 0 0
0 99 0 0 0 0
0 99 0 0 0 0
0 0 0 0 98 0
0 26 0 0 0 71
0 93 2 0 4 0
7 36 0 0 2 54
3 37 0 0 31 27
0 98 0 0 0 1
0 0 99 0 0 0
0 3 0 43 0 52
99 0 0 0 0 0
0 99 0 0 0 0
99 0 0 0 0 0
0 99 0 0 0 0
99 0 0 0 0 0
99 0 0 0 0 0
99 0 0 0 0 0
0 99 0 0 0 0
99 0 0 0 0 0
99 0 0 0 0 0
0 0 25 0 0 73
99 0 0 0 0 0
99 0 0 0 0 0
99 0 0 0 0 0
99 0 0 0 0 0
99 0 0 0 0 0
0 99 0 0 0 0
99 0 0 0 0 0
0 99 0 0 0 0
0 99 0 0 0 0
0 99 0 0 0 0
0 99 0 0 0 0
0 99 0 0 0 0
0 99 0 0 0 0
0 99 0 0 0 0
0 99 0 0 0 0
99 0 0 0 0 0
0 99 0 0 0 0
0 99 0 0 0 0
0 0 0 0 0 99
0 0 0 0 0 99
0 99 0 0 0 0
0 99 0 0 0 0
0 99 0 0 0 0
0 7 0 0 0 91
0 0 0 0 0 99
0 95 2 0 1 0
0 99 0 0 0 0
0 97 2 0 0 0
0 99 0 0 0 0
0 91 8 0 0 0
8 89 0 0 0 1
3 93 0 0 3 0
99 0 0 0 0 0
0 1 96 0 0 1
0 70 0 0 0 29
0 99 0 0 0 0
99 0 0 0 0 0
99 0 0 0 0 0
99 0 0 0 0 0
99 0 0 0 0 0
99 0 0 0 0 0
0 99 0 0 0 0
99 0 0 0 0 0
99 0 0 0 0 0
0 99 0 0 0 0
99 0 0 0 0 0
0 99 0 0 0 0
99 0 0 0 0 0
99 0 0 0 0 0
99 0 0 0 0 0
89 10 0 0 0 0
0 99 0 0 0 0
0 99 0 0 0 0
0 99 0 0 0 0
0 99 0 0 0 0
0 98 0 0 0 0
0 36 0 2 0 60
0 99 0 0 0 0
0 99 0 0 0 0
0 99 0 0 0 0
0 0 0 0 0 99
0 0 0 0 0 99
0 99 0 0 0 0
0 99 0 0 0 0
0 99 0 0 0 0
0 0 95 0 0 3
0 0 0 0 0 99
0 47 0 0 11 40
0 11 84 0 3 0
0 99 0 0 0 0
0 99 0 0 0 0
1 1 0 0 7 90
0 10 16 0 0 72
42 6 0 0 1 49
31 3 0 0 0 64
0 5 0 72 0 21
99 0 0 0 0 0
0 0 0 2 0 96
0 27 0 68 0 3
92 1 0 0 0 5
99 0 0 0 0 0
99 0 0 0 0 0
99 0 0 0 0 0
99 0 0 0 0 0
0 99 0 0 0 0
99 0 0 0 0 0
99 0 0 0 0 0
0 0 0 0 0 99
0 99 0 0 0 0
99 0 0 0 0 0
99 0 0 0 0 0
0 0 0 0 0 99
99 0 0 0 0 0
99 0 0 0 0 0
0 99 0 0 0 0
0 0 99 0 0 0
0 99 0 0 0 0
0 99 0 0 0 0
0 99 0 0 0 0
0 99 0 0 0 0
0 99 0 0 0 0
0 99 0 0 0 0
0 99 0 0 0 0
0 99 0 0 0 0
0 99 0 0 0 0
0 0 0 0 0 99
0 10 3 0 0 86
0 99 0 0 0 0
0 99 0 0 0 0
0 99 0 0 0 0
0 0 97 0 0 2
0 99 0 0 0 0
0 0 10 0 0 89
0 10 37 0 51 0
0 99 0 0 0 0
0 90 0 0 0 8
80 17 0 0 0 1
0 96 0 0 0 2
2 0 0 0 80 16
10 82 0 0 0 6
0 99 0 0 0 0
0 99 0 0 0 0
0 0 0 0 0 98
99 0 0 0 0 0
0 0 0 0 0 99
99 0 0 0 0 0
99 0 0 0 0 0
0 0 0 0 0 99
99 0 0 0 0 0
99 0 0 0 0 0
99 0 0 0 0 0
99 0 0 0 0 0
99 0 0 0 0 0
99 0 0 0 0 0
0 99 0 0 0 0
99 0 0 0 0 0
0 2 0 0 0 96
0 99 0 0 0 0
0 99 0 0 0 0
0 98 0 0 0 0
0 99 0 0 0 0
0 0 0 0 0 99
0 99 0 0 0 0
0 99 0 0 0 0
0 99 0 0 0 0
0 99 0 0 0 0
0 99 0 0 0 0
0 99 0 0 0 0
0 99 0 0 0 0
0 96 2 0 0 0
0 0 86 0 0 13
0 0 0 0 0 99
0 99 0 0 0 0
1 92 0 0 0 5
5 88 0 0 0 5
0 99 0 0 0 0
0 99 0 0 0 0
0 81 18 0 0 0
0 62 0 0 0 36
0 0 0 0 0 99
0 99 0 0 0 0
99 0 0 0 0 0
99 0 0 0 0 0
0 99 0 0 0 0
99 0 0 0 0 0
99 0 0 0 0 0
99 0 0 0 0 0
99 0 0 0 0 0
0 0 0 0 0 99
99 0 0 0 0 0
99 0 0 0 0 0
99 0 0 0 0 0
0 0 0 0 0 99
99 0 0 0 0 0
99 0 0 0 0 0
99 0 0 0 0 0
0 0 0 0 0 99
99 0 0 0 0 0
99 0 0 0 0 0
3 74 0 0 3 18
99 0 0 0 0 0
0 0 0 0 0 99
99 0 0 0 0 0
0 0 0 0 0 99
0 99 0 0 0 0
0 99 0 0 0 0
0 0 0 0 0 99
0 99 0 0 0 0
0 99 0 0 0 0
0 99 0 0 0 0
0 99 0 0 0 0
0 99 0 0 0 0
0 99 0 0 0 0
0 0 1 0 0 98
0 99 0 0 0 0
0 99 0 0 0 0
0 0 0 0 0 99
0 0 0 0 0 99
0 0 0 0 0 99
99 0 0 0 0 0
0 99 0 0 0 0
0 8 0 0 0 91
0 99 0 0 0 0
0 99 0 0 0 0
0 0 0 0 0 99
0 99 0 0 0 0
0 99 0 0 0 0
0 33 22 0 0 44
0 0 0 0 0 99
0 79 16 0 0 3
0 99 0 0 0 0
0 33 0 0 5 60
24 72 0 0 0 2
40 16 0 0 3 39
0 99 0 0 0 0
0 0 0 0 0 99
3 96 0 0 0 0
0 0 0 0 0 99
0 4 0 0 0 95
99 0 0 0 0 0
99 0 0 0 0 0
0 99 0 0 0 0
99 0 0 0 0 0
99 0 0 0 0 0
99 0 0 0 0 0
0 99 0 0 0 0
99 0 0 0 0 0
99 0 0 0 0 0
99 0 0 0 0 0
99 0 0 0 0 0
99 0 0 0 0 0
99 0 0 0 0 0
99 0 0 0 0 0
99 0 0 0 0 0
99 0 0 0 0 0
99 0 0 0 0 0
1 0 0 0 98 0
99 0 0 0 0 0
99 0 0 0 0 0
99 0 0 0 0 0
0 6 0 0 0 93
99 0 0 0 0 0
99 0 0 0 0 0
99 0 0 0 0 0
99 0 0 0 0 0
8 74 0 0 3 12
0 99 0 0 0 0
0 99 0 0 0 0
1 0 0 0 0 97
0 99 0 0 0 0
0 99 0 0 0 0
99 0 0 0 0 0
0 99 0 0 0 0
99 0 0 0 0 0
0 97 0 0 0 1
0 99 0 0 0 0
0 99 0 0 0 0
0 99 0 0 0 0
0 99 0 0 0 0
0 99 0 0 0 0
0 0 0 0 0 99
99 0 0 0 0 0
0 0 0 0 0 99
0 99 0 0 0 0
0 99 0 0 0 0
0 99 0 0 0 0
0 99 0 0 0 0
0 99 0 0 0 0
0 98 0 0 0 1
0 0 0 0 0 99
0 0 0 0 0 99
0 99 0 0 0 0
0 0 0 0 0 99
0 1 0 0 0 97
0 99 0 0 0 0
0 99 0 0 0 0
0 99 0 0 0 0
23 73 0 0 0 3
0 99 0 0 0 0
0 91 0 0 0 7
0 99 0 0 0 0
99 0 0 0 0 0
99 0 0 0 0 0
24 0 0 0 1 73
94 0 0 0 1 4
99 0 0 0 0 0
99 0 0 0 0 0
99 0 0 0 0 0
99 0 0 0 0 0
99 0 0 0 0 0
99 0 0 0 0 0
99 0 0 0 0 0
99 0 0 0 0 0
99 0 0 0 0 0
99 0 0 0 0 0
99 0 0 0 0 0
99 0 0 0 0 0
99 0 0 0 0 0
0 98 0 0 0 1
99 0 0 0 0 0
3 87 0 0 0 8
0 88 8 0 0 3
99 0 0 0 0 0
99 0 0 0 0 0
99 0 0 0 0 0
99 0 0 0 0 0
0 99 0 0 0 0
0 98 0 0 0 0
0 99 0 0 0 0
0 99 0 0 0 0
0 99 0 0 0 0
0 99 0 0 0 0
0 99 0 0 0 0
0 99 0 0 0 0
0 99 0 0 0 0
0 99 0 0 0 0
0 99 0 0 0 0
0 99 0 0 0 0
0 99 0 0 0 0
0 99 0 0 0 0
0 0 0 0 0 99
0 0 0 0 0 99
0 99 0 0 0 0
0 99 0 0 0 0
0 99 0 0 0 0
0 99 0 0 0 0
0 99 0 0 0 0
0 99 0 0 0 0
0 99 0 0 0 0
0 1 0 0 0 98
0 98 0 0 0 1
0 1 0 0 97 0
0 82 14 0 0 2
99 0 0 0 0 0
0 99 0 0 0 0
1 63 0 0 4 30
0 0 99 0 0 0
0 55 0 36 0 7
0 9 90 0 0 0
0 96 1 0 0 1
99 0 0 0 0 0
99 0 0 0 0 0
99 0 0 0 0 0
99 0 0 0 0 0
99 0 0 0 0 0
99 0 0 0 0 0
99 0 0 0 0 0
99 0 0 0 0 0
99 0 0 0 0 0
99 0 0 0 0 0
99 0 0 0 0 0
0 98 0 0 0 1
99 0 0 0 0 0
99 0 0 0 0 0
99 0 0 0 0 0
99 0 0 0 0 0
99 0 0 0 0 0
99 0 0 0 0 0
99 0 0 0 0 0
99 0 0 0 0 0
99 0 0 0 0 0
99 0 0 0 0 0
99 0 0 0 0 0
99 0 0 0 0 0
99 0 0 0 0 0
0 90 0 0 0 9
27 58 0 0 0 13
0 99 0 0 0 0
0 99 0 0 0 0
0 0 0 0 0 99
0 99 0 0 0 0
99 0 0 0 0 0
0 99 0 0 0 0
0 99 0 0 0 0
0 99 0 0 0 0
16 74 0 1 0 8
0 99 0 0 0 0
0 99 0 0 0 0
0 99 0 0 0 0
0 99 0 0 0 0
0 99 0 0 0 0
0 0 0 0 0 99
0 0 0 0 0 99
0 99 0 0 0 0
0 0 98 0 0 1
0 99 0 0 0 0
0 99 0 0 0 0
0 99 0 0 0 0
0 89 9 0 0 0
0 0 0 0 0 99
0 0 0 0 0 99
0 0 0 0 0 99
0 99 0 0 0 0
0 0 0 0 0 99
0 99 0 0 0 0
0 97 0 0 0 2
0 97 0 0 0 2
0 99 0 0 0 0
0 99 0 0 0 0
0 99 0 0 0 0
0 99 0 0 0 0
0 65 0 0 0 34
0 97 0 0 0 2
99 0 0 0 0 0
0 16 0 73 0 8
0 99 0 0 0 0
99 0 0 0 0 0
99 0 0 0 0 0
77 2 5 5 0 9
99 0 0 0 0 0
99 0 0 0 0 0
99 0 0 0 0 0
99 0 0 0 0 0
99 0 0 0 0 0
99 0 0 0 0 0
99 0 0 0 0 0
99 0 0 0 0 0
99 0 0 0 0 0
99 0 0 0 0 0
99 0 0 0 0 0
99 0 0 0 0 0
0 99 0 0 0 0
99 0 0 0 0 0
99 0 0 0 0 0
99 0 0 0 0 0
0 99 0 0 0 0
0 99 0 0 0 0
0 99 0 0 0 0
99 0 0 0 0 0
0 99 0 0 0 0
0 99 0 0 0 0
0 99 0 0 0 0
0 99 0 0 0 0
6 91 0 0 0 1
0 99 0 0 0 0
0 0 0 0 0 99
0 99 0 0 0 0
99 0 0 0 0 0
0 99 0 0 0 0
0 99 0 0 0 0
0 0 0 0 0 99
0 0 0 0 0 99
0 0 0 0 0 99
0 99 0 0 0 0
0 99 0 0 0 0
0 99 0 0 0 0
0 99 0 0 0 0
0 0 0 0 0 99
0 99 0 0 0 0
0 99 0 0 0 0
0 99 0 0 0 0
0 99 0 0 0 0
0 0 0 0 98 0
0 99 0 0 0 0
0 97 0 0 0 1
0 99 0 0 0 0
79 9 0 0 0 10
0 99 0 0 0 0
8 80 0 0 0 11
0 98 0 0 0 0
0 99 0 0 0 0
8 75 0 0 1 14
99 0 0 0 0 0
1 93 2 0 0 2
0 99 0 0 0 0
98 0 0 0 0 1
98 0 0 0 1 0
99 0 0 0 0 0
99 0 0 0 0 0
99 0 0 0 0 0
99 0 0 0 0 0
99 0 0 0 0 0
99 0 0 0 0 0
99 0 0 0 0 0
99 0 0 0 0 0
99 0 0 0 0 0
99 0 0 0 0 0
99 0 0 0 0 0
99 0 0 0 0 0
0 53 41 4 0 0
99 0 0 0 0 0
99 0 0 0 0 0
0 99 0 0 0 0
99 0 0 0 0 0
99 0 0 0 0 0
0 99 0 0 0 0
99 0 0 0 0 0
0 99 0 0 0 0
0 99 0 0 0 0
0 99 0 0 0 0
0 99 0 0 0 0
0 99 0 0 0 0
0 99 0 0 0 0
0 99 0 0 0 0
0 99 0 0 0 0
0 99 0 0 0 0
0 0 0 0 0 99
0 99 0 0 0 0
0 0 0 0 0 99
0 4 0 0 0 95
0 37 58 0 0 3
0 99 0 0 0 0
0 99 0 0 0 0
0 99 0 0 0 0
0 99 0 0 0 0
0 99 0 0 0 0
0 99 0 0 0 0
0 99 0 0 0 0
0 0 99 0 0 0
0 99 0 0 0 0
0 99 0 0 0 0
0 99 0 0 0 0
0 99 0 0 0 0
99 0 0 0 0 0
0 99 0 0 0 0
0 99 0 0 0 0
0 4 6 0 0 89
0 99 0 0 0 0
0 84 0 0 0 14
0 97 1 0 0 0
88 2 0 1 3 4
99 0 0 0 0 0
99 0 0 0 0 0
99 0 0 0 0 0
55 0 0 0 0 44
99 0 0 0 0 0
99 0 0 0 0 0
99 0 0 0 0 0
99 0 0 0 0 0
99 0 0 0 0 0
99 0 0 0 0 0
99 0 0 0 0 0
99 0 0 0 0 0
99 0 0 0 0 0
99 0 0 0 0 0
0 84 15 0 0 0
99 0 0 0 0 0
99 0 0 0 0 0
99 0 0 0 0 0
99 0 0 0 0 0
0 10 0 0 89 0
0 99 0 0 0 0
99 0 0 0 0 0
99 0 0 0 0 0
0 99 0 0 0 0
0 0 99 0 0 0
0 99 0 0 0 0
0 99 0 0 0 0
0 99 0 0 0 0
0 99 0 0 0 0
0 99 0 0 0 0
0 99 0 0 0 0
0 99 0 0 0 0
0 99 0 0 0 0
0 99 0 0 0 0
0 99 0 0 0 0
0 32 21 0 0 46
0 99 0 0 0 0
0 0 0 0 0 99
99 0 0 0 0 0
0 99 0 0 0 0
0 99 0 0 0 0
0 2 0 0 24 72
0 99 0 0 0 0
0 99 0 0 0 0
0 0 0 0 0 99
0 99 0 0 0 0
0 99 0 0 0 0
0 99 0 0 0 0
0 63 0 0 7 29
0 0 4 0 0 95
0 1 0 0 74 23
0 99 0 0 0 0
0 99 0 0 0 0
0 96 0 0 0 2
64 31 0 0 0 2
0 14 79 0 0 5
0 96 1 0 0 0
0 20 79 0 0 0
0 99 0 0 0 0
99 0 0 0 0 0
99 0 0 0 0 0
99 0 0 0 0 0
99 0 0 0 0 0
99 0 0 0 0 0
99 0 0 0 0 0
99 0 0 0 0 0
99 0 0 0 0 0
99 0 0 0 0 0
99 0 0 0 0 0
99 0 0 0 0 0
99 0 0 0 0 0
99 0 0 0 0 0
0 98 0 0 0 0
99 0 0 0 0 0
99 0 0 0 0 0
99 0 0 0 0 0
0 95 4 0 0 0
99 0 0 0 0 0
99 0 0 0 0 0
99 0 0 0 0 0
99 0 0 0 0 0
79 7 0 0 2 11
99 0 0 0 0 0
0 0 0 0 0 99
0 0 0 0 0 99
0 0 0 0 0 99
0 0 0 0 0 99
0 99 0 0 0 0
0 99 0 0 0 0
0 99 0 0 0 0
99 0 0 0 0 0
0 99 0 0 0 0
0 99 0 0 0 0
0 99 0 0 0 0
0 0 0 0 0 99
99 0 0 0 0 0
0 0 0 0 0 99
0 99 0 0 0 0
0 0 0 0 0 99
0 99 0 0 0 0
0 99 0 0 0 0
0 99 0 0 0 0
0 99 0 0 0 0
0 99 0 0 0 0
0 0 0 0 1 97
0 99 0 0 0 0
0 0 99 0 0 0
0 99 0 0 0 0
0 71 6 0 0 21
0 97 0 0 0 1
2 4 0 0 0 92
0 69 18 0 0 11
0 99 0 0 0 0
0 96 3 0 0 0
0 24 75 0 0 0
92 0 0 0 1 6
99 0 0 0 0 0
99 0 0 0 0 0
98 0 0 0 1 0
99 0 0 0 0 0
99 0 0 0 0 0
0 0 94 4 0 0
99 0 0 0 0 0
99 0 0 0 0 0
99 0 0 0 0 0
99 0 0 0 0 0
99 0 0 0 0 0
99 0 0 0 0 0
99 0 0 0 0 0
99 0 0 0 0 0
99 0 0 0 0 0
99 0 0 0 0 0
99 0 0 0 0 0
99 0 0 0 0 0
99 0 0 0 0 0
0 99 0 0 0 0
99 0 0 0 0 0
99 0 0 0 0 0
99 0 0 0 0 0
0 93 4 0 0 1
0 99 0 0 0 0
0 0 0 0 0 99
99 0 0 0 0 0
0 0 0 0 0 98
0 99 0 0 0 0
0 0 0 0 0 99
0 99 0 0 0 0
0 37 0 0 0 61
0 99 0 0 0 0
0 99 0 0 0 0
1 11 0 0 0 86
0 99 0 0 0 0
0 99 0 0 0 0
0 0 0 0 0 99
0 0 0 0 0 99
99 0 0 0 0 0
0 99 0 0 0 0
0 0 0 0 0 99
0 99 0 0 0 0
0 99 0 0 0 0
0 99 0 0 0 0
0 99 0 0 0 0
0 99 0 0 0 0
0 97 0 0 0 1
0 99 0 0 0 0
0 99 0 0 0 0
0 99 0 0 0 0
0 94 2 0 0 2
0 99 0 0 0 0
0 99 0 0 0 0
0 99 0 0 0 0
4 0 0 0 0 95
0 78 21 0 0 0
0 78 1 3 0 15
0 99 0 0 0 0
99 0 0 0 0 0
99 0 0 0 0 0
79 0 0 0 0 18
99 0 0 0 0 0
99 0 0 0 0 0
99 0 0 0 0 0
99 0 0 0 0 0
99 0 0 0 0 0
99 0 0 0 0 0
99 0 0 0 0 0
99 0 0 0 0 0
99 0 0 0 0 0
99 0 0 0 0 0
99 0 0 0 0 0
99 0 0 0 0 0
99 0 0 0 0 0
99 0 0 0 0 0
99 0 0 0 0 0
99 0 0 0 0 0
99 0 0 0 0 0
99 0 0 0 0 0
99 0 0 0 0 0
99 0 0 0 0 0
0 99 0 0 0 0
0 99 0 0 0 0
0 99 0 0 0 0
99 0 0 0 0 0
99 0 0 0 0 0
0 99 0 0 0 0
0 99 0 0 0 0
0 98 0 0 0 0
0 99 0 0 0 0
0 99 0 0 0 0
0 99 0 0 0 0
0 99 0 0 0 0
0 99 0 0 0 0
0 99 0 0 0 0
0 91 0 0 0 8
0 0 0 0 0 99
0 0 0 0 0 99
0 0 0 0 0 99
0 99 0 0 0 0
99 0 0 0 0 0
0 99 0 0 0 0
0 99 0 0 0 0
0 99 0 0 0 0
0 0 0 0 0 99
0 99 0 0 0 0
0 99 0 0 0 0
0 99 0 0 0 0
0 99 0 0 0 0
0 99 0 0 0 0
0 99 0 0 0 0
0 99 0 0 0 0
0 98 0 0 0 0
0 99 0 0 0 0
99 0 0 0 0 0
0 99 0 0 0 0
0 99 0 0 0 0
20 0 0 0 0 78
0 99 0 0 0 0
0 95 0 3 0 0
0 99 0 0 0 0
0 1 0 75 0 22
99 0 0 0 0 0
99 0 0 0 0 0
99 0 0 0 0 0
99 0 0 0 0 0
99 0 0 0 0 0
99 0 0 0 0 0
99 0 0 0 0 0
99 0 0 0 0 0
99 0 0 0 0 0
99 0 0 0 0 0
99 0 0 0 0 0
99 0 0 0 0 0
0 99 0 0 0 0
99 0 0 0 0 0
99 0 0 0 0 0
99 0 0 0 0 0
0 8 0 0 91 0
99 0 0 0 0 0
99 0 0 0 0 0
99 0 0 0 0 0
99 0 0 0 0 0
0 99 0 0 0 0
99 0 0 0 0 0
0 98 0 0 0 0
0 99 0 0 0 0
0 99 0 0 0 0
0 99 0 0 0 0
0 99 0 0 0 0
0 99 0 0 0 0
0 99 0 0 0 0
99 0 0 0 0 0
0 99 0 0 0 0
0 99 0 0 0 0
0 99 0 0 0 0
99 0 0 0 0 0
0 99 0 0 0 0
0 99 0 0 0 0
0 99 0 0 0 0
0 0 0 0 0 99
0 0 0 0 0 99
0 0 0 0 0 99
0 99 0 0 0 0
0 99 0 0 0 0
0 99 0 0 0 0
0 81 0 0 0 18
0 99 0 0 0 0
0 99 0 0 0 0
0 99 0 0 0 0
0 99 0 0 0 0
0 99 0 0 0 0
0 97 1 0 0 0
0 0 0 0 0 99
0 95 0 0 0 4
0 99 0 0 0 0
78 15 1 0 0 4
0 99 0 0 0 0
0 99 0 0 0 0
7 87 0 1 0 3
0 19 80 0 0 0
99 0 0 0 0 0
0 0 0 14 0 84
7 76 0 0 2 12
99 0 0 0 0 0
0 9 0 0 0 90
0 99 0 0 0 0
99 0 0 0 0 0
99 0 0 0 0 0
99 0 0 0 0 0
99 0 0 0 0 0
99 0 0 0 0 0
99 0 0 0 0 0
99 0 0 0 0 0
0 5 0 0 0 94
99 0 0 0 0 0
0 99 0 0 0 0
99 0 0 0 0 0
0 98 0 0 0 0
99 0 0 0 0 0
0 99 0 0 0 0
0 98 0 0 0 0
0 99 0 0 0 0
0 99 0 0 0 0
0 98 0 0 0 1
0 99 0 0 0 0
0 99 0 0 0 0
0 99 0 0 0 0
99 0 0 0 0 0
0 37 1 0 0 61
0 99 0 0 0 0
0 99 0 0 0 0
0 99 0 0 0 0
0 0 0 0 0 99
0 0 0 0 0 99
0 28 70 0 0 0
0 99 0 0 0 0
0 99 0 0 0 0
0 99 0 0 0 0
0 99 0 0 0 0
0 99 0 0 0 0
0 0 0 0 0 99
0 99 0 0 0 0
0 99 0 0 0 0
0 81 0 0 0 18
0 99 0 0 0 0
0 9 89 0 0 1
99 0 0 0 0 0
0 94 0 0 0 5
0 0 0 0 0 99
47 14 0 0 0 37
5 39 0 0 0 54
0 99 0 0 0 0
2 73 4 3 0 15
99 0 0 0 0 0
0 2 0 12 0 84
99 0 0 0 0 0
99 0 0 0 0 0
99 0 0 0 0 0
99 0 0 0 0 0
99 0 0 0 0 0
99 0 0 0 0 0
99 0 0 0 0 0
99 0 0 0 0 0
99 0 0 0 0 0
99 0 0 0 0 0
99 0 0 0 0 0
99 0 0 0 0 0
99 0 0 0 0 0
99 0 0 0 0 0
0 99 0 0 0 0
99 0 0 0 0 0
99 0 0 0 0 0
99 0 0 0 0 0
0 99 0 0 0 0
99 0 0 0 0 0
99 0 0 0 0 0
0 99 0 0 0 0
0 98 1 0 0 0
0 3 0 0 0 96
0 98 0 0 0 0
0 99 0 0 0 0
0 99 0 0 0 0
0 99 0 0 0 0
0 1 0 0 0 98
0 99 0 0 0 0
0 1 0 0 0 98
0 99 0 0 0 0
0 5 1 0 0 92
0 99 0 0 0 0
0 0 0 0 0 99
0 0 1 0 0 98
0 0 0 0 0 99
99 0 0 0 0 0
0 0 0 0 0 99
0 0 0 0 0 99
0 99 0 0 0 0
0 99 0 0 0 0
0 93 0 0 0 5
0 99 0 0 0 0
0 99 0 0 0 0
0 99 0 0 0 0
0 99 0 0 0 0
0 98 0 0 0 1
0 99 0 0 0 0
0 97 1 0 0 0
0 96 0 0 0 3
0 99 0 0 0 0
61 17 2 0 0 19
0 66 24 0 0 8
1 0 0 0 0 97
3 0 41 0 0 54
99 0 0 0 0 0
0 91 1 0 0 6
86 0 0 0 0 12
0 29 0 15 0 54
0 99 0 0 0 0
0 99 0 0 0 0
99 0 0 0 0 0
99 0 0 0 0 0
99 0 0 0 0 0
99 0 0 0 0 0
99 0 0 0 0 0
99 0 0 0 0 0
99 0 0 0 0 0
99 0 0 0 0 0
99 0 0 0 0 0
99 0 0 0 0 0
0 99 0 0 0 0
99 0 0 0 0 0
99 0 0 0 0 0
0 76 11 0 0 12
99 0 0 0 0 0
0 99 0 0 0 0
0 99 0 0 0 0
0 98 0 0 0 1
0 0 0 0 0 99
0 3 0 0 0 96
0 99 0 0 0 0
0 99 0 0 0 0
0 1 0 0 0 98
0 2 1 0 0 95
0 99 0 0 0 0
0 99 0 0 0 0
0 0 0 0 0 99
0 99 0 0 0 0
99 0 0 0 0 0
0 0 0 0 0 99
0 74 24 0 0 0
0 99 0 0 0 0
0 99 0 0 0 0
0 99 0 0 0 0
0 99 0 0 0 0
0 99 0 0 0 0
0 99 0 0 0 0
0 99 0 0 0 0
0 99 0 0 0 0
0 99 0 0 0 0
7 0 0 0 91 0
0 99 0 0 0 0
0 99 0 0 0 0
0 99 0 0 0 0
0 98 1 0 0 0
0 79 0 0 0 20
65 7 0 0 15 12
0 99 0 0 0 0
0 78 20 0 0 0
0 0 0 0 0 99
0 84 10 0 0 4
0 99 0 0 0 0
0 6 0 0 0 93
0 99 0 0 0 0
99 0 0 0 0 0
99 0 0 0 0 0
97 0 0 0 0 2
99 0 0 0 0 0
99 0 0 0 0 0
99 0 0 0 0 0
0 99 0 0 0 0
99 0 0 0 0 0
99 0 0 0 0 0
99 0 0 0 0 0
99 0 0 0 0 0
99 0 0 0 0 0
99 0 0 0 0 0
0 99 0 0 0 0
99 0 0 0 0 0
99 0 0 0 0 0
99 0 0 0 0 0
99 0 0 0 0 0
99 0 0 0 0 0
99 0 0 0 0 0
0 99 0 0 0 0
99 0 0 0 0 0
0 97 0 0 1 0
0 99 0 0 0 0
0 99 0 0 0 0
0 99 0 0 0 0
0 0 0 0 0 99
0 99 0 0 0 0
0 99 0 0 0 0
0 99 0 0 0 0
99 0 0 0 0 0
0 0 0 0 0 99
0 99 0 0 0 0
0 2 75 0 0 20
0 0 0 0 0 99
0 0 0 0 0 99
0 99 0 0 0 0
0 14 1 0 0 84
0 84 0 0 0 14
0 1 0 0 0 97
0 99 0 0 0 0
0 99 0 0 0 0
0 99 0 0 0 0
0 99 0 0 0 0
0 99 0 0 0 0
0 99 0 0 0 0
0 0 0 0 0 99
99 0 0 0 0 0
0 99 0 0 0 0
0 99 0 0 0 0
0 97 0 0 0 2
0 1 0 0 0 98
0 99 0 0 0 0
0 99 0 0 0 0
0 96 0 0 0 3
0 45 12 0 0 41
0 92 6 0 0 0
1 44 53 0 0 0
49 8 0 3 0 38
99 0 0 0 0 0
99 0 0 0 0 0
99 0 0 0 0 0
99 0 0 0 0 0
99 0 0 0 0 0
99 0 0 0 0 0
99 0 0 0 0 0
99 0 0 0 0 0
99 0 0 0 0 0
0 1 0 0 1 96
99 0 0 0 0 0
0 1 0 0 0 98
99 0 0 0 0 0
99 0 0 0 0 0
99 0 0 0 0 0
99 0 0 0 0 0
99 0 0 0 0 0
99 0 0 0 0 0
0 99 0 0 0 0
0 7 18 0 0 73
0 99 0 0 0 0
0 99 0 0 0 0
0 99 0 0 0 0
0 99 0 0 0 0
0 99 0 0 0 0
0 99 0 0 0 0
0 99 0 0 0 0
0 0 4 0 0 94
0 99 0 0 0 0
0 99 0 0 0 0
0 98 0 0 0 1
0 0 0 0 0 99
0 7 0 0 0 92
0 0 0 0 0 99
0 99 0 0 0 0
0 99 0 0 0 0
0 99 0 0 0 0
0 99 0 0 0 0
0 99 0 0 0 0
0 0 4 0 0 95
0 99 0 0 0 0
0 99 0 0 0 0
0 99 0 0 0 0
0 99 0 0 0 0
0 1 13 0 0 85
0 99 0 0 0 0
0 99 0 0 0 0
84 11 0 0 0 3
0 2 97 0 0 0
0 99 0 0 0 0
99 0 0 0 0 0
0 0 0 0 0 99
99 0 0 0 0 0
99 0 0 0 0 0
99 0 0 0 0 0
0 0 99 0 0 0
99 0 0 0 0 0
99 0 0 0 0 0
99 0 0 0 0 0
99 0 0 0 0 0
99 0 0 0 0 0
99 0 0 0 0 0
99 0 0 0 0 0
99 0 0 0 0 0
99 0 0 0 0 0
99 0 0 0 0 0
99 0 0 0 0 0
99 0 0 0 0 0
98 0 1 0 0 0
99 0 0 0 0 0
98 0 0 0 1 0
0 9 0 0 89 0
0 99 0 0 0 0
0 81 0 0 0 17
0 99 0 0 0 0
0 99 0 0 0 0
0 99 0 0 0 0
0 99 0 0 0 0
0 0 0 0 0 99
0 99 0 0 0 0
0 99 0 0 0 0
0 0 0 0 0 99
0 99 0 0 0 0
0 0 0 0 0 99
0 99 0 0 0 0
0 99 0 0 0 0
99 0 0 0 0 0
0 99 0 0 0 0
0 99 0 0 0 0
0 99 0 0 0 0
0 99 0 0 0 0
0 99 0 0 0 0
0 99 0 0 0 0
0 99 0 0 0 0
0 0 0 0 0 99
0 99 0 0 0 0
0 99 0 0 0 0
0 99 0 0 0 0
0 78 0 0 0 21
0 99 0 0 0 0
3 28 60 0 0 7
0 99 0 0 0 0
0 76 17 0 0 5
0 99 0 0 0 0
97 0 0 0 1 1
99 0 0 0 0 0
99 0 0 0 0 0
99 0 0 0 0 0
1 38 1 6 0 52
99 0 0 0 0 0
0 99 0 0 0 0
99 0 0 0 0 0
99 0 0 0 0 0
99 0 0 0 0 0
99 0 0 0 0 0
99 0 0 0 0 0
99 0 0 0 0 0
99 0 0 0 0 0
0 9 2 0 0 87
99 0 0 0 0 0
99 0 0 0 0 0
99 0 0 0 0 0
99 0 0 0 0 0
95 0 0 0 0 4
98 0 0 0 1 0
0 14 0 0 85 0
0 91 1 0 0 6
0 99 0 0 0 0
0 99 0 0 0 0
0 99 0 0 0 0
0 99 0 0 0 0
0 99 0 0 0 0
0 99 0 0 0 0
0 0 0 0 0 99
0 99 0 0 0 0
99 0 0 0 0 0
0 99 0 0 0 0
0 0 0 0 0 99
0 0 0 0 0 99
0 10 89 0 0 0
0 0 0 0 0 99
0 99 0 0 0 0
0 80 17 0 0 2
0 99 0 0 0 0
0 0 0 0 0 99
0 99 0 0 0 0
0 2 0 0 0 97
0 99 0 0 0 0
0 99 0 0 0 0
0 99 0 0 0 0
0 99 0 0 0 0
0 73 0 0 11 15
18 79 1 0 0 0
0 39 0 0 0 60
0 92 0 0 0 7
0 99 0 0 0 0
0 99 0 0 0 0
53 30 0 0 9 7
0 98 0 0 0 1
0 99 0 0 0 0
1 22 17 0 1 57
0 99 0 0 0 0
99 0 0 0 0 0
0 99 0 0 0 0
99 0 0 0 0 0
99 0 0 0 0 0
99 0 0 0 0 0
99 0 0 0 0 0
0 99 0 0 0 0
99 0 0 0 0 0
99 0 0 0 0 0
99 0 0 0 0 0
99 0 0 0 0 0
99 0 0 0 0 0
0 99 0 0 0 0
0 98 0 0 0 1
0 99 0 0 0 0
2 33 4 0 0 58
0 93 0 0 0 5
0 99 0 0 0 0
0 97 0 0 0 2
0 98 0 0 0 0
0 99 0 0 0 0
99 0 0 0 0 0
0 99 0 0 0 0
0 99 0 0 0 0
0 99 0 0 0 0
0 99 0 0 0 0
0 99 0 0 0 0
0 99 0 0 0 0
0 99 0 0 0 0
0 0 0 0 0 99
0 9 0 0 0 90
0 0 0 0 0 99
0 99 0 0 0 0
0 99 0 0 0 0
0 99 0 0 0 0
0 99 0 0 0 0
0 99 0 0 0 0
0 99 0 0 0 0
0 0 1 0 0 98
0 0 0 0 0 99
0 99 0 0 0 0
0 99 0 0 0 0
0 99 0 0 0 0
0 1 46 0 0 51
0 6 0 0 81 11
0 99 0 0 0 0
99 0 0 0 0 0
99 0 0 0 0 0
0 95 3 0 0 0
0 99 0 0 0 0
83 0 0 0 0 15
99 0 0 0 0 0
0 49 50 0 0 0
99 0 0 0 0 0
99 0 0 0 0 0
2 0 0 0 0 96
99 0 0 0 0 0
99 0 0 0 0 0
99 0 0 0 0 0
99 0 0 0 0 0
99 0 0 0 0 0
8 0 0 0 91 0
99 0 0 0 0 0
99 0 0 0 0 0
99 0 0 0 0 0
0 97 0 0 0 2
99 0 0 0 0 0
99 0 0 0 0 0
99 0 0 0 0 0
0 0 0 2 96 0
1 17 0 0 0 80
99 0 0 0 0 0
0 99 0 0 0 0
0 99 0 0 0 0
0 99 0 0 0 0
0 99 0 0 0 0
0 99 0 0 0 0
99 0 0 0 0 0
0 0 0 0 0 99
0 99 0 0 0 0
0 99 0 0 0 0
0 99 0 0 0 0
0 0 0 0 0 99
0 0 0 0 0 99
0 0 0 0 0 99
0 99 0 0 0 0
0 99 0 0 0 0
0 99 0 0 0 0
0 99 0 0 0 0
0 98 0 0 0 1
0 0 0 0 0 99
0 0 0 0 0 99
0 99 0 0 0 0
0 99 0 0 0 0
0 0 0 0 1 98
0 99 0 0 0 0
0 99 0 0 0 0
0 0 98 0 0 0
32 46 0 0 0 20
0 76 23 0 0 0
0 80 2 0 0 16
0 69 1 0 0 29
99 0 0 0 0 0
99 0 0 0 0 0
0 77 19 0 0 2
36 4 1 3 27 26
96 0 2 0 0 0
0 0 0 0 98 0
99 0 0 0 0 0
99 0 0 0 0 0
99 0 0 0 0 0
99 0 0 0 0 0
99 0 0 0 0 0
99 0 0 0 0 0
99 0 0 0 0 0
99 0 0 0 0 0
0 0 0 49 50 0
99 0 0 0 0 0
0 87 0 0 0 12
0 99 0 0 0 0
0 99 0 0 0 0
0 2 96 0 0 0
0 99 0 0 0 0
0 99 0 0 0 0
0 0 97 0 0 1
0 99 0 0 0 0
0 99 0 0 0 0
0 99 0 0 0 0
0 99 0 0 0 0
0 99 0 0 0 0
0 0 0 0 0 99
0 99 0 0 0 0
0 0 0 0 0 99
0 0 0 0 0 99
0 38 0 0 0 60
0 0 0 0 0 99
0 99 0 0 0 0
0 99 0 0 0 0
0 99 0 0 0 0
0 0 0 0 0 99
0 99 0 0 0 0
0 0 2 0 0 97
0 99 0 0 0 0
0 99 0 0 0 0
0 99 0 0 0 0
0 99 0 0 0 0
0 99 0 0 0 0
0 99 0 0 0 0
0 2 0 0 95 1
99 0 0 0 0 0
0 99 0 0 0 0
3 90 0 0 0 5
74 23 0 0 0 1
7 13 0 39 0 38
0 0 0 0 0 99
99 0 0 0 0 0
71 24 0 0 0 4
99 0 0 0 0 0
99 0 0 0 0 0
99 0 0 0 0 0
60 0 38 0 0 0
99 0 0 0 0 0
99 0 0 0 0 0
99 0 0 0 0 0
0 99 0 0 0 0
99 0 0 0 0 0
99 0 0 0 0 0
99 0 0 0 0 0
99 0 0 0 0 0
99 0 0 0 0 0
0 99 0 0 0 0
0 0 0 0 99 0
0 0 0 0 0 99
0 99 0 0 0 0
0 99 0 0 0 0
0 99 0 0 0 0
0 99 0 0 0 0
0 0 0 0 0 99
99 0 0 0 0 0
0 0 0 0 0 99
0 97 0 0 0 1
0 99 0 0 0 0
99 0 0 0 0 0
0 0 0 0 0 99
0 0 0 0 0 99
0 0 0 0 0 99
0 0 0 0 0 99
0 99 0 0 0 0
0 99 0 0 0 0
0 99 0 0 0 0
0 98 0 0 0 0
0 99 0 0 0 0
0 0 0 0 0 99
0 99 0 0 0 0
0 0 0 0 0 99
0 99 0 0 0 0
0 99 0 0 0 0
0 0 0 0 0 99
0 99 0 0 0 0
6 8 0 0 0 84
0 99 0 0 0 0
0 0 99 0 0 0
0 94 0 0 0 4
0 0 0 0 0 99
0 99 0 0 0 0
99 0 0 0 0 0
99 0 0 0 0 0
0 0 99 0 0 0
99 0 0 0 0 0
99 0 0 0 0 0
99 0 0 0 0 0
99 0 0 0 0 0
99 0 0 0 0 0
99 0 0 0 0 0
99 0 0 0 0 0
99 0 0 0 0 0
99 0 0 0 0 0
99 0 0 0 0 0
82 0 0 0 17 0
0 0 0 0 99 0
0 99 0 0 0 0
0 98 0 0 0 1
0 96 0 0 0 3
0 99 0 0 0 0
0 99 0 0 0 0
0 99 0 0 0 0
0 98 1 0 0 0
0 0 0 0 0 99
0 99 0 0 0 0
0 99 0 0 0 0
0 99 0 0 0 0
0 99 0 0 0 0
0 0 0 0 0 99
0 0 0 0 0 99
0 0 0 0 0 99
0 99 0 0 0 0
0 98 0 0 0 1
0 99 0 0 0 0
0 99 0 0 0 0
0 99 0 0 0 0
0 99 0 0 0 0
0 0 0 0 0 99
0 99 0 0 0 0
0 99 0 0 0 0
0 99 0 0 0 0
0 99 0 0 0 0
0 60 0 0 4 35
22 47 0 0 0 29
0 99 0 0 0 0
40 52 2 0 0 4
0 99 0 0 0 0
99 0 0 0 0 0
99 0 0 0 0 0
0 99 0 0 0 0
0 99 0 0 0 0
99 0 0 0 0 0
99 0 0 0 0 0
99 0 0 0 0 0
99 0 0 0 0 0
99 0 0 0 0 0
99 0 0 0 0 0
99 0 0 0 0 0
99 0 0 0 0 0
99 0 0 0 0 0
0 0 4 0 0 95
99 0 0 0 0 0
0 16 1 0 0 81
99 0 0 0 0 0
0 99 0 0 0 0
0 99 0 0 0 0
0 99 0 0 0 0
0 99 0 0 0 0
0 99 0 0 0 0
0 0 0 0 0 99
0 0 0 0 0 99
0 99 0 0 0 0
0 99 0 0 0 0
0 99 0 0 0 0
0 99 0 0 0 0
0 0 0 0 0 99
0 0 0 0 0 99
0 0 0 0 0 99
0 99 0 0 0 0
0 99 0 0 0 0
0 99 0 0 0 0
0 99 0 0 0 0
0 0 0 0 0 99
0 98 0 0 0 1
0 99 0 0 0 0
0 99 0 0 0 0
0 99 0 0 0 0
0 99 0 0 0 0
0 99 0 0 0 0
0 0 2 0 0 96
0 85 14 0 0 0
0 99 0 0 0 0
0 99 0 0 0 0
0 77 1 0 0 21
99 0 0 0 0 0
9 49 0 1 0 39
99 0 0 0 0 0
99 0 0 0 0 0
0 2 0 0 97 0
99 0 0 0 0 0
99 0 0 0 0 0
99 0 0 0 0 0
99 0 0 0 0 0
99 0 0 0 0 0
99 0 0 0 0 0
99 0 0 0 0 0
99 0 0 0 0 0
99 0 0 0 0 0
99 0 0 0 0 0
0 99 0 0 0 0
0 0 0 0 0 99
0 83 0 0 14 0
0 0 0 0 0 99
0 99 0 0 0 0
0 99 0 0 0 0
0 99 0 0 0 0
0 12 4 0 0 81
0 99 0 0 0 0
0 99 0 0 0 0
0 99 0 0 0 0
0 0 0 0 0 99
0 0 0 0 0 99
0 99 0 0 0 0
0 18 0 0 0 81
0 0 0 0 0 99
0 0 0 0 0 99
0 99 0 0 0 0
0 0 0 0 0 99
0 0 0 0 0 99
0 99 0 0 0 0
0 99 0 0 0 0
0 99 0 0 0 0
0 99 0 0 0 0
0 0 3 0 0 95
0 0 0 0 0 99
0 99 0 0 0 0
0 0 0 0 0 99
0 0 15 0 0 83
0 6 0 0 61 30
0 99 0 0 0 0
0 98 0 0 0 0
0 99 0 0 0 0
99 0 0 0 0 0
43 0 0 0 0 55
0 91 0 0 0 7
99 0 0 0 0 0
99 0 0 0 0 0
99 0 0 0 0 0
99 0 0 0 0 0
99 0 0 0 0 0
99 0 0 0 0 0
99 0 0 0 0 0
99 0 0 0 0 0
0 99 0 0 0 0
99 0 0 0 0 0
99 0 0 0 0 0
0 0 0 0 99 0
0 0 0 0 0 99
0 99 0 0 0 0
0 99 0 0 0 0
0 99 0 0 0 0
0 99 0 0 0 0
0 99 0 0 0 0
0 99 0 0 0 0
0 99 0 0 0 0
0 92 0 0 0 6
0 0 0 0 0 99
0 0 0 0 0 99
0 99 0 0 0 0
0 13 0 0 0 85
0 99 0 0 0 0
0 99 0 0 0 0
0 0 0 0 0 99
0 48 0 0 0 51
0 99 0 0 0 0
0 96 0 0 0 3
0 99 0 0 0 0
0 99 0 0 0 0
0 99 0 0 0 0
99 0 0 0 0 0
0 99 0 0 0 0
82 0 0 0 13 3
0 0 0 0 0 99
0 99 0 0 0 0
0 99 0 0 0 0
0 99 0 0 0 0
0 0 0 0 0 99
0 0 0 0 0 99
0 99 0 0 0 0
0 99 0 0 0 0
99 0 0 0 0 0
99 0 0 0 0 0
0 97 2 0 0 0
19 1 0 0 0 79
99 0 0 0 0 0
99 0 0 0 0 0
99 0 0 0 0 0
99 0 0 0 0 0
99 0 0 0 0 0
99 0 0 0 0 0
99 0 0 0 0 0
99 0 0 0 0 0
99 0 0 0 0 0
99 0 0 0 0 0
0 14 0 0 84 0
99 0 0 0 0 0
13 0 13 49 14 9
0 93 4 0 0 2
0 99 0 0 0 0
0 99 0 0 0 0
0 99 0 0 0 0
0 68 29 0 0 1
0 1 18 0 0 79
0 0 0 0 0 99
0 99 0 0 0 0
0 99 0 0 0 0
0 0 0 0 0 99
0 0 0 0 0 99
0 0 0 0 0 99
0 0 0 0 0 99
0 1 0 0 0 98
0 99 0 0 0 0
0 99 0 0 0 0
0 99 0 0 0 0
0 99 0 0 0 0
0 99 0 0 0 0
0 99 0 0 0 0
0 99 0 0 0 0
0 99 0 0 0 0
0 99 0 0 0 0
0 99 0 0 0 0
0 99 0 0 0 0
0 99 0 0 0 0
0 99 0 0 0 0
0 99 0 0 0 0
1 58 39 0 0 0
0 99 0 0 0 0
0 50 48 0 0 0
99 0 0 0 0 0
99 0 0 0 0 0
99 0 0 0 0 0
99 0 0 0 0 0
99 0 0 0 0 0
99 0 0 0 0 0
99 0 0 0 0 0
99 0 0 0 0 0
99 0 0 0 0 0
0 99 0 0 0 0
99 0 0 0 0 0
99 0 0 0 0 0
99 0 0 0 0 0
99 0 0 0 0 0
99 0 0 0 0 0
99 0 0 0 0 0
99 0 0 0 0 0
99 0 0 0 0 0
0 99 0 0 0 0
0 98 0 0 0 1
0 99 0 0 0 0
0 99 0 0 0 0
0 99 0 0 0 0
0 0 0 0 0 99
0 99 0 0 0 0
0 99 0 0 0 0
0 0 0 0 0 99
0 0 0 0 0 99
0 0 0 0 0 99
0 0 0 0 0 99
0 0 0 0 0 99
0 0 0 0 0 99
0 0 0 0 0 99
0 99 0 0 0 0
0 99 0 0 0 0
0 99 0 0 0 0
0 99 0 0 0 0
0 99 0 0 0 0
0 99 0 0 0 0
0 99 0 0 0 0
0 99 0 0 0 0
0 99 0 0 0 0
0 99 0 0 0 0
0 99 0 0 0 0
2 17 0 0 3 74
0 99 0 0 0 0
0 99 0 0 0 0
0 99 0 0 0 0
99 0 0 0 0 0
99 0 0 0 0 0
99 0 0 0 0 0
99 0 0 0 0 0
61 22 0 2 0 12
0 99 0 0 0 0
99 0 0 0 0 0
99 0 0 0 0 0
99 0 0 0 0 0
99 0 0 0 0 0
0 90 0 0 0 8
99 0 0 0 0 0
99 0 0 0 0 0
99 0 0 0 0 0
99 0 0 0 0 0
99 0 0 0 0 0
21 78 0 0 0 0
99 0 0 0 0 0
0 99 0 0 0 0
0 99 0 0 0 0
0 98 0 0 0 0
0 99 0 0 0 0
0 0 0 0 0 99
0 99 0 0 0 0
0 99 0 0 0 0
0 99 0 0 0 0
0 99 0 0 0 0
0 99 0 0 0 0
0 7 0 0 0 91
0 0 0 0 0 99
0 31 65 0 0 3
0 0 0 0 0 99
0 99 0 0 0 0
0 99 0 0 0 0
0 99 0 0 0 0
0 98 0 0 0 1
0 99 0 0 0 0
0 99 0 0 0 0
0 99 0 0 0 0
0 99 0 0 0 0
0 99 0 0 0 0
0 99 0 0 0 0
0 99 0 0 0 0
0 99 0 0 0 0
0 99 0 0 0 0
0 99 0 0 0 0
0 92 0 0 0 6
0 96 2 0 0 0
99 0 0 0 0 0
99 0 0 0 0 0
99 0 0 0 0 0
99 0 0 0 0 0
99 0 0 0 0 0
99 0 0 0 0 0
99 0 0 0 0 0
99 0 0 0 0 0
99 0 0 0 0 0
99 0 0 0 0 0
99 0 0 0 0 0
99 0 0 0 0 0
6 72 1 0 10 9
99 0 0 0 0 0
99 0 0 0 0 0
99 0 0 0 0 0
99 0 0 0 0 0
0 99 0 0 0 0
0 0 93 0 0 5
0 99 0 0 0 0
0 99 0 0 0 0
0 99 0 0 0 0
0 99 0 0 0 0
0 0 0 0 0 99
0 99 0 0 0 0
99 0 0 0 0 0
0 0 0 0 0 99
0 0 0 0 0 99
0 0 0 0 0 99
0 0 0 0 0 99
0 13 0 0 0 85
0 99 0 0 0 0
0 99 0 0 0 0
0 99 0 0 0 0
0 99 0 0 0 0
0 99 0 0 0 0
0 99 0 0 0 0
99 0 0 0 0 0
0 99 0 0 0 0
0 99 0 0 0 0
0 99 0 0 0 0
0 99 0 0 0 0
0 99 0 0 0 0
0 99 0 0 0 0
0 99 0 0 0 0
0 99 0 0 0 0
0 99 0 0 0 0
0 90 9 0 0 0
0 99 0 0 0 0
99 0 0 0 0 0
99 0 0 0 0 0
0 99 0 0 0 0
99 0 0 0 0 0
0 99 0 0 0 0
99 0 0 0 0 0
0 99 0 0 0 0
99 0 0 0 0 0
99 0 0 0 0 0
99 0 0 0 0 0
99 0 0 0 0 0
99 0 0 0 0 0
99 0 0 0 0 0
99 0 0 0 0 0
99 0 0 0 0 0
99 0 0 0 0 0
0 99 0 0 0 0
0 99 0 0 0 0
99 0 0 0 0 0
0 99 0 0 0 0
0 99 0 0 0 0
0 99 0 0 0 0
0 99 0 0 0 0
0 99 0 0 0 0
0 99 0 0 0 0
0 0 0 0 0 99
0 0 0 0 0 99
0 0 0 0 0 99
0 2 0 0 0 96
0 35 63 0 0 0
0 0 0 0 0 99
0 99 0 0 0 0
0 99 0 0 0 0
0 99 0 0 0 0
99 0 0 0 0 0
0 99 0 0 0 0
0 99 0 0 0 0
0 99 0 0 0 0
0 99 0 0 0 0
0 99 0 0 0 0
0 99 0 0 0 0
0 99 0 0 0 0
0 99 0 0 0 0
0 99 0 0 0 0
0 0 0 0 0 99
99 0 0 0 0 0
0 99 0 0 0 0
99 0 0 0 0 0
99 0 0 0 0 0
31 34 0 0 7 26
99 0 0 0 0 0
99 0 0 0 0 0
99 0 0 0 0 0
0 99 0 0 0 0
99 0 0 0 0 0
0 99 0 0 0 0
99 0 0 0 0 0
99 0 0 0 0 0
0 0 0 0 0 99
99 0 0 0 0 0
99 0 0 0 0 0
99 0 0 0 0 0
99 0 0 0 0 0
0 99 0 0 0 0
99 0 0 0 0 0
0 97 0 0 0 2
0 99 0 0 0 0
0 98 0 0 0 0
0 99 0 0 0 0
0 99 0 0 0 0
99 0 0 0 0 0
0 99 0 0 0 0
99 0 0 0 0 0
0 0 0 0 0 99
0 99 0 0 0 0
0 99 0 0 0 0
0 0 0 0 0 99
0 0 0 0 0 99
0 0 0 0 0 99
0 0 0 0 0 99
0 0 0 0 0 99
0 99 0 0 0 0
0 99 0 0 0 0
0 99 0 0 0 0
0 99 0 0 0 0
0 99 0 0 0 0
0 99 0 0 0 0
0 99 0 0 0 0
0 99 0 0 0 0
0 78 0 0 0 21
4 43 1 0 0 51
0 99 0 0 0 0
0 99 0 0 0 0
99 0 0 0 0 0
1 29 37 0 0 31
99 0 0 0 0 0
99 0 0 0 0 0
99 0 0 0 0 0
99 0 0 0 0 0
99 0 0 0 0 0
99 0 0 0 0 0
99 0 0 0 0 0
99 0 0 0 0 0
99 0 0 0 0 0
0 28 0 0 0 71
99 0 0 0 0 0
0 96 0 0 0 2
99 0 0 0 0 0
34 7 0 0 34 23
99 0 0 0 0 0
99 0 0 0 0 0
99 0 0 0 0 0
99 0 0 0 0 0
0 99 0 0 0 0
0 99 0 0 0 0
0 99 0 0 0 0
0 97 1 0 0 1
0 99 0 0 0 0
0 92 3 0 0 3
0 99 0 0 0 0
0 99 0 0 0 0
0 0 0 0 0 99
0 99 0 0 0 0
0 0 0 0 0 99
0 0 0 0 0 99
0 0 0 0 0 99
0 0 0 0 0 99
0 0 0 0 0 99
0 99 0 0 0 0
0 99 0 0 0 0
0 99 0 0 0 0
0 99 0 0 0 0
0 97 0 0 0 2
0 99 0 0 0 0
99 0 0 0 0 0
0 99 0 0 0 0
0 99 0 0 0 0
0 99 0 0 0 0
2 81 0 0 0 14
0 99 0 0 0 0
0 0 0 0 0 99
51 19 0 0 0 29
0 99 0 0 0 0
99 0 0 0 0 0
0 0 48 0 0 50
99 0 0 0 0 0
99 0 0 0 0 0
99 0 0 0 0 0
99 0 0 0 0 0
0 0 0 0 0 99
99 0 0 0 0 0
99 0 0 0 0 0
0 99 0 0 0 0
99 0 0 0 0 0
99 0 0 0 0 0
99 0 0 0 0 0
0 99 0 0 0 0
99 0 0 0 0 0
9 89 0 0 0 0
0 0 0 94 0 3
99 0 0 0 0 0
99 0 0 0 0 0
97 2 0 0 0 0
0 99 0 0 0 0
0 99 0 0 0 0
0 1 0 0 0 98
0 99 0 0 0 0
0 99 0 0 0 0
0 99 0 0 0 0
0 2 0 0 0 96
0 99 0 0 0 0
0 99 0 0 0 0
0 0 0 0 0 99
0 99 0 0 0 0
0 99 0 0 0 0
0 17 0 0 0 82
0 0 0 0 0 99
0 0 0 0 0 99
0 99 0 0 0 0
0 99 0 0 0 0
0 0 0 0 0 99
0 99 0 0 0 0
0 99 0 0 0 0
0 0 0 0 0 99
0 99 0 0 0 0
99 0 0 0 0 0
0 99 0 0 0 0
0 99 0 0 0 0
0 99 0 0 0 0
0 99 0 0 0 0
0 99 0 0 0 0
99 0 0 0 0 0
99 0 0 0 0 0
99 0 0 0 0 0
99 0 0 0 0 0
99 0 0 0 0 0
99 0 0 0 0 0
0 0 99 0 0 0
99 0 0 0 0 0
99 0 0 0 0 0
99 0 0 0 0 0
99 0 0 0 0 0
99 0 0 0 0 0
99 0 0 0 0 0
99 0 0 0 0 0
0 0 0 0 99 0
0 98 0 0 0 1
62 0 0 0 36 0
99 0 0 0 0 0
0 0 0 0 0 99
0 99 0 0 0 0
99 0 0 0 0 0
0 99 0 0 0 0
0 99 0 0 0 0
99 0 0 0 0 0
99 0 0 0 0 0
0 99 0 0 0 0
0 99 0 0 0 0
0 99 0 0 0 0
0 99 0 0 0 0
0 99 0 0 0 0
0 99 0 0 0 0
0 0 0 0 0 99
0 99 0 0 0 0
0 99 0 0 0 0
0 0 0 0 0 99
0 0 0 0 0 99
0 0 0 0 0 99
0 99 0 0 0 0
0 0 0 0 0 99
0 99 0 0 0 0
0 99 0 0 0 0
0 99 0 0 0 0
0 99 0 0 0 0
99 0 0 0 0 0
0 99 0 0 0 0
16 75 0 0 2 5
0 99 0 0 0 0
0 99 0 0 0 0
0 99 0 0 0 0
0 99 0 0 0 0
0 99 0 0 0 0
0 99 0 0 0 0
99 0 0 0 0 0
0 90 0 0 0 9
99 0 0 0 0 0
99 0 0 0 0 0
99 0 0 0 0 0
99 0 0 0 0 0
99 0 0 0 0 0
99 0 0 0 0 0
99 0 0 0 0 0
99 0 0 0 0 0
99 0 0 0 0 0
91 0 0 0 8 0
99 0 0 0 0 0
0 1 7 79 0 10
99 0 0 0 0 0
99 0 0 0 0 0
0 0 0 0 99 0
0 0 83 0 0 16
0 99 0 0 0 0
0 99 0 0 0 0
0 98 0 0 0 0
0 99 0 0 0 0
0 0 0 0 0 99
0 0 0 0 0 99
0 99 0 0 0 0
0 0 0 0 0 99
0 0 0 0 0 99
0 0 0 0 0 99
0 99 0 0 0 0
0 1 0 0 0 97
0 99 0 0 0 0
0 99 0 0 0 0
0 99 0 0 0 0
0 99 0 0 0 0
0 99 0 0 0 0
0 0 0 0 0 99
0 99 0 0 0 0
0 99 0 0 0 0
0 99 0 0 0 0
0 7 0 0 0 92
99 0 0 0 0 0
0 99 0 0 0 0
0 98 0 0 0 1
99 0 0 0 0 0
99 0 0 0 0 0
0 0 0 0 0 99
99 0 0 0 0 0
99 0 0 0 0 0
99 0 0 0 0 0
99 0 0 0 0 0
99 0 0 0 0 0
99 0 0 0 0 0
0 0 0 0 0 99
99 0 0 0 0 0
99 0 0 0 0 0
99 0 0 0 0 0
99 0 0 0 0 0
99 0 0 0 0 0
99 0 0 0 0 0
0 0 0 0 99 0
0 0 0 0 99 0
0 12 29 0 0 58
0 99 0 0 0 0
0 99 0 0 0 0
0 93 6 0 0 0
1 6 0 0 1 90
0 99 0 0 0 0
0 99 0 0 0 0
99 0 0 0 0 0
0 99 0 0 0 0
0 99 0 0 0 0
0 0 0 0 0 99
0 0 0 0 0 99
0 0 0 0 2 97
0 0 0 0 0 99
0 99 0 0 0 0
0 99 0 0 0 0
99 0 0 0 0 0
0 0 0 0 0 99
0 1 36 0 4 56
0 99 0 0 0 0
0 0 0 0 0 99
0 98 0 0 0 1
0 99 0 0 0 0
0 98 1 0 0 0
0 99 0 0 0 0
0 99 0 0 0 0
99 0 0 0 0 0
93 6 0 0 0 0
99 0 0 0 0 0
0 99 0 0 0 0
99 0 0 0 0 0
99 0 0 0 0 0
99 0 0 0 0 0
99 0 0 0 0 0
0 99 0 0 0 0
99 0 0 0 0 0
99 0 0 0 0 0
98 0 0 0 1 0
99 0 0 0 0 0
99 0 0 0 0 0
99 0 0 0 0 0
99 0 0 0 0 0
99 0 0 0 0 0
0 0 0 0 99 0
0 99 0 0 0 0
0 98 0 0 0 0
0 99 0 0 0 0
0 94 0 0 0 5
0 99 0 0 0 0
0 0 0 0 0 99
0 0 0 0 0 99
0 99 0 0 0 0
0 99 0 0 0 0
0 99 0 0 0 0
0 99 0 0 0 0
0 0 0 0 0 99
0 0 0 0 0 99
0 0 0 0 0 99
99 0 0 0 0 0
0 99 0 0 0 0
0 99 0 0 0 0
0 99 0 0 0 0
0 0 0 0 0 99
0 0 0 0 0 99
0 99 0 0 0 0
0 16 0 0 81 2
0 99 0 0 0 0
0 99 0 0 0 0
0 99 0 0 0 0
0 99 0 0 0 0
0 98 0 0 0 0
99 0 0 0 0 0
99 0 0 0 0 0
99 0 0 0 0 0
99 0 0 0 0 0
99 0 0 0 0 0
99 0 0 0 0 0
99 0 0 0 0 0
99 0 0 0 0 0
99 0 0 0 0 0
99 0 0 0 0 0
99 0 0 0 0 0
99 0 0 0 0 0
99 0 0 0 0 0
99 0 0 0 0 0
96 0 0 0 3 0
0 99 0 0 0 0
0 99 0 0 0 0
0 99 0 0 0 0
0 99 0 0 0 0
0 73 3 0 0 23
0 99 0 0 0 0
0 99 0 0 0 0
0 99 0 0 0 0
0 0 0 0 0 99
0 0 0 0 0 99
0 99 0 0 0 0
0 99 0 0 0 0
0 8 91 0 0 0
0 0 0 0 0 99
0 0 0 0 0 99
0 99 0 0 0 0
0 0 0 0 0 99
0 99 0 0 0 0
0 99 0 0 0 0
0 0 0 0 0 99
0 99 0 0 0 0
0 99 0 0 0 0
0 99 0 0 0 0
0 2 0 0 0 97
0 99 0 0 0 0
0 99 0 0 0 0
0 99 0 0 0 0
0 99 0 0 0 0
99 0 0 0 0 0
0 99 0 0 0 0
99 0 0 0 0 0
99 0 0 0 0 0
99 0 0 0 0 0
0 0 0 0 0 99
99 0 0 0 0 0
99 0 0 0 0 0
99 0 0 0 0 0
99 0 0 0 0 0
99 0 0 0 0 0
99 0 0 0 0 0
99 0 0 0 0 0
99 0 0 0 0 0
99 0 0 0 0 0
0 1 88 0 0 9
0 99 0 0 0 0
0 99 0 0 0 0
0 99 0 0 0 0
0 99 0 0 0 0
0 0 0 0 0 99
0 99 0 0 0 0
0 0 0 0 0 99
0 0 0 0 0 99
0 99 0 0 0 0
0 0 0 0 0 99
0 99 0 0 0 0
0 99 0 0 0 0
0 12 0 0 0 87
0 5 0 0 0 94
0 94 4 0 0 1
0 99 0 0 0 0
0 99 0 0 0 0
0 0 0 0 0 99
0 99 0 0 0 0
0 0 0 0 0 99
0 99 0 0 0 0
10 44 0 0 24 20
0 99 0 0 0 0
0 99 0 0 0 0
0 99 0 0 0 0
0 99 0 0 0 0
0 99 0 0 0 0
0 99 0 0 0 0
0 99 0 0 0 0
99 0 0 0 0 0
99 0 0 0 0 0
99 0 0 0 0 0
99 0 0 0 0 0
99 0 0 0 0 0
99 0 0 0 0 0
99 0 0 0 0 0
99 0 0 0 0 0
97 0 0 0 2 0
0 0 0 0 0 99
99 0 0 0 0 0
35 0 0 0 64 0
0 99 0 0 0 0
0 4 0 0 94 0
99 0 0 0 0 0
0 99 0 0 0 0
0 98 0 0 0 0
0 99 0 0 0 0
0 99 0 0 0 0
0 99 0 0 0 0
0 0 0 0 0 99
0 99 0 0 0 0
0 99 0 0 0 0
99 0 0 0 0 0
0 0 0 0 0 99
0 0 0 0 0 99
0 15 84 0 0 0
0 0 0 0 0 99
0 0 0 0 0 99
0 0 0 0 0 99
0 0 0 0 0 99
99 0 0 0 0 0
0 99 0 0 0 0
0 0 0 0 0 99
0 0 0 0 0 99
0 0 0 0 0 99
0 99 0 0 0 0
0 99 0 0 0 0
0 98 1 0 0 0
0 99 0 0 0 0
0 99 0 0 0 0
0 99 0 0 0 0
0 99 0 0 0 0
0 99 0 0 0 0
99 0 0 0 0 0
99 0 0 0 0 0
99 0 0 0 0 0
99 0 0 0 0 0
99 0 0 0 0 0
99 0 0 0 0 0
99 0 0 0 0 0
99 0 0 0 0 0
99 0 0 0 0 0
99 0 0 0 0 0
99 0 0 0 0 0
99 0 0 0 0 0
28 0 0 0 71 0
0 96 3 0 0 0
0 99 0 0 0 0
0 0 0 0 0 99
0 99 0 0 0 0
0 99 0 0 0 0
0 99 0 0 0 0
0 99 0 0 0 0
0 99 0 0 0 0
0 0 0 0 0 99
0 97 0 0 0 2
0 99 0 0 0 0
0 99 0 0 0 0
0 99 0 0 0 0
0 99 0 0 0 0
0 0 0 0 0 99
0 29 69 0 0 1
0 0 0 0 0 99
0 0 0 0 0 99
0 99 0 0 0 0
0 99 0 0 0 0
0 2 1 0 0 95
0 98 0 0 0 1
0 99 0 0 0 0
0 99 0 0 0 0
0 99 0 0 0 0
0 99 0 0 0 0
0 99 0 0 0 0
5 88 0 0 0 5
0 99 0 0 0 0
0 99 0 0 0 0
0 99 0 0 0 0
99 0 0 0 0 0
99 0 0 0 0 0
99 0 0 0 0 0
99 0 0 0 0 0
99 0 0 0 0 0
99 0 0 0 0 0
99 0 0 0 0 0
99 0 0 0 0 0
99 0 0 0 0 0
99 0 0 0 0 0
99 0 0 0 0 0
99 0 0 0 0 0
99 0 0 0 0 0
99 0 0 0 0 0
0 0 0 0 99 0
99 0 0 0 0 0
0 99 0 0 0 0
0 99 0 0 0 0
0 99 0 0 0 0
99 0 0 0 0 0
0 99 0 0 0 0
0 0 0 0 0 99
0 99 0 0 0 0
0 99 0 0 0 0
0 0 0 0 0 99
0 99 0 0 0 0
0 99 0 0 0 0
0 0 0 0 0 99
0 1 9 0 3 85
0 4 0 0 0 95
0 0 0 0 0 99
0 99 0 0 0 0
0 0 0 0 0 99
0 99 0 0 0 0
0 99 0 0 0 0
0 99 0 0 0 0
0 99 0 0 0 0
0 99 0 0 0 0
0 99 0 0 0 0
0 99 0 0 0 0
0 99 0 0 0 0
0 99 0 0 0 0
0 0 99 0 0 0
99 0 0 0 0 0
99 0 0 0 0 0
99 0 0 0 0 0
99 0 0 0 0 0
99 0 0 0 0 0
99 0 0 0 0 0
99 0 0 0 0 0
99 0 0 0 0 0
99 0 0 0 0 0
99 0 0 0 0 0
99 0 0 0 0 0
99 0 0 0 0 0
99 0 0 0 0 0
99 0 0 0 0 0
99 0 0 0 0 0
0 99 0 0 0 0
0 99 0 0 0 0
0 98 1 0 0 0
0 99 0 0 0 0
0 99 0 0 0 0
99 0 0 0 0 0
0 96 0 0 0 3
0 99 0 0 0 0
0 0 0 0 0 99
0 99 0 0 0 0
0 99 0 0 0 0
0 99 0 0 0 0
0 0 0 0 0 99
0 0 0 0 0 99
99 0 0 0 0 0
0 99 0 0 0 0
0 99 0 0 0 0
0 99 0 0 0 0
0 0 0 0 0 99
0 99 0 0 0 0
0 99 0 0 0 0
0 99 0 0 0 0
0 99 0 0 0 0
0 14 0 0 83 1
0 99 0 0 0 0
0 99 0 0 0 0
0 99 0 0 0 0
0 99 0 0 0 0
99 0 0 0 0 0
99 0 0 0 0 0
99 0 0 0 0 0
99 0 0 0 0 0
99 0 0 0 0 0
99 0 0 0 0 0
99 0 0 0 0 0
99 0 0 0 0 0
99 0 0 0 0 0
99 0 0 0 0 0
0 99 0 0 0 0
0 99 0 0 0 0
0 99 0 0 0 0
99 0 0 0 0 0
0 99 0 0 0 0
0 88 6 0 0 4
0 99 0 0 0 0
0 99 0 0 0 0
0 99 0 0 0 0
2 0 0 0 0 97
0 1 0 0 0 97
0 98 0 0 0 0
0 99 0 0 0 0
0 1 0 0 0 98
0 43 0 0 0 56
0 99 0 0 0 0
0 99 0 0 0 0
0 0 0 0 0 99
0 0 0 0 0 99
0 0 0 0 0 99
0 0 0 0 0 99
0 99 0 0 0 0
0 99 0 0 0 0
0 99 0 0 0 0
0 99 0 0 0 0
0 99 0 0 0 0
0 99 0 0 0 0
0 99 0 0 0 0
99 0 0 0 0 0
0 99 0 0 0 0
0 99 0 0 0 0
0 98 1 0 0 0
0 0 0 0 0 99
0 69 29 0 0 0
0 99 0 0 0 0
99 0 0 0 0 0
99 0 0 0 0 0
99 0 0 0 0 0
93 3 0 0 0 2
99 0 0 0 0 0
99 0 0 0 0 0
99 0 0 0 0 0
99 0 0 0 0 0
99 0 0 0 0 0
99 0 0 0 0 0
99 0 0 0 0 0
99 0 0 0 0 0
99 0 0 0 0 0
99 0 0 0 0 0
99 0 0 0 0 0
0 99 0 0 0 0
0 99 0 0 0 0
0 0 0 0 0 99
0 99 0 0 0 0
0 99 0 0 0 0
0 99 0 0 0 0
0 99 0 0 0 0
0 99 0 0 0 0
0 99 0 0 0 0
0 0 0 0 0 99
0 0 0 0 0 99
0 0 0 0 0 99
0 0 0 0 0 99
0 0 0 0 0 99
0 99 0 0 0 0
0 99 0 0 0 0
0 99 0 0 0 0
0 99 0 0 0 0
99 0 0 0 0 0
0 0 0 0 0 99
0 99 0 0 0 0
0 0 0 0 0 99
0 97 0 0 0 1
0 99 0 0 0 0
0 0 0 0 0 99
0 99 0 0 0 0
0 99 0 0 0 0
0 99 0 0 0 0
0 99 0 0 0 0
0 99 0 0 0 0
0 98 0 0 0 1
0 98 0 0 0 1
99 0 0 0 0 0
99 0 0 0 0 0
99 0 0 0 0 0
99 0 0 0 0 0
99 0 0 0 0 0
99 0 0 0 0 0
99 0 0 0 0 0
99 0 0 0 0 0
99 0 0 0 0 0
0 99 0 0 0 0
99 0 0 0 0 0
99 0 0 0 0 0
99 0 0 0 0 0
87 0 0 0 12 0
0 0 0 0 99 0
0 99 0 0 0 0
0 99 0 0 0 0
0 99 0 0 0 0
0 99 0 0 0 0
0 99 0 0 0 0
15 9 0 0 0 74
0 98 0 0 0 0
0 0 0 0 0 99
0 99 0 0 0 0
0 99 0 0 0 0
0 99 0 0 0 0
0 99 0 0 0 0
0 99 0 0 0 0
0 0 0 0 0 99
0 4 0 0 1 93
0 0 0 0 0 99
0 0 0 0 0 99
0 92 0 0 0 7
0 99 0 0 0 0
0 98 0 0 0 1
0 99 0 0 0 0
0 99 0 0 0 0
0 0 0 0 0 99
0 98 0 0 0 1
0 99 0 0 0 0
0 99 0 0 0 0
0 15 0 0 78 5
0 99 0 0 0 0
0 99 0 0 0 0
0 99 0 0 0 0
0 99 0 0 0 0
99 0 0 0 0 0
99 0 0 0 0 0
99 0 0 0 0 0
99 0 0 0 0 0
99 0 0 0 0 0
99 0 0 0 0 0
99 0 0 0 0 0
99 0 0 0 0 0
99 0 0 0 0 0
99 0 0 0 0 0
99 0 0 0 0 0
99 0 0 0 0 0
0 0 0 0 98 0
98 0 0 0 0 0
99 0 0 0 0 0
11 82 1 0 0 4
0 99 0 0 0 0
0 99 0 0 0 0
0 78 0 0 0 21
0 0 0 0 0 99
0 99 0 0 0 0
0 99 0 0 0 0
0 99 0 0 0 0
99 0 0 0 0 0
0 0 0 0 0 99
0 99 0 0 0 0
0 0 0 0 0 99
0 0 0 0 0 99
0 0 0 0 0 99
0 0 0 0 0 99
0 0 0 0 0 99
0 99 0 0 0 0
0 99 0 0 0 0
0 99 0 0 0 0
0 99 0 0 0 0
0 99 0 0 0 0
0 95 0 0 0 4
0 99 0 0 0 0
99 0 0 0 0 0
0 0 0 0 0 99
0 99 0 0 0 0
0 99 0 0 0 0
0 99 0 0 0 0
99 0 0 0 0 0
99 0 0 0 0 0
99 0 0 0 0 0
99 0 0 0 0 0
99 0 0 0 0 0
99 0 0 0 0 0
99 0 0 0 0 0
99 0 0 0 0 0
99 0 0 0 0 0
99 0 0 0 0 0
99 0 0 0 0 0
0 0 0 0 99 0
1 5 0 0 93 0
99 0 0 0 0 0
99 0 0 0 0 0
0 0 99 0 0 0
0 0 0 0 1 97
0 99 0 0 0 0
2 0 0 0 0 97
0 99 0 0 0 0
0 99 0 0 0 0
0 99 0 0 0 0
0 99 0 0 0 0
0 0 0 0 0 99
0 99 0 0 0 0
0 99 0 0 0 0
0 0 0 0 0 99
0 0 0 0 0 99
0 0 0 0 0 99
0 0 0 0 0 99
0 0 0 0 0 99
0 99 0 0 0 0
0 99 0 0 0 0
0 97 2 0 0 0
0 99 0 0 0 0
0 99 0 0 0 0
0 99 0 0 0 0
0 98 0 0 0 1
0 99 0 0 0 0
99 0 0 0 0 0
0 99 0 0 0 0
0 99 0 0 0 0
0 99 0 0 0 0
0 99 0 0 0 0
99 0 0 0 0 0
99 0 0 0 0 0
99 0 0 0 0 0
99 0 0 0 0 0
99 0 0 0 0 0
99 0 0 0 0 0
99 0 0 0 0 0
99 0 0 0 0 0
99 0 0 0 0 0
0 0 0 0 0 99
0 0 0 0 98 0
31 2 0 0 1 64
99 0 0 0 0 0
99 0 0 0 0 0
0 99 0 0 0 0
0 99 0 0 0 0
0 0 0 0 0 99
0 99 0 0 0 0
0 99 0 0 0 0
0 0 0 0 0 99
0 95 4 0 0 0
0 0 0 0 0 99
0 99 0 0 0 0
0 99 0 0 0 0
0 99 0 0 0 0
0 0 0 0 0 99
0 0 0 0 0 99
0 0 0 0 0 99
0 0 0 0 0 99
0 0 0 0 0 99
0 98 0 0 0 1
0 99 0 0 0 0
0 99 0 0 0 0
0 99 0 0 0 0
0 99 0 0 0 0
0 0 0 0 0 99
0 99 0 0 0 0
0 99 0 0 0 0
0 95 3 0 0 1
0 99 0 0 0 0
0 99 0 0 0 0
0 98 0 0 0 0
99 0 0 0 0 0
0 99 0 0 0 0
0 99 0 0 0 0
0 99 0 0 0 0
99 0 0 0 0 0
99 0 0 0 0 0
99 0 0 0 0 0
99 0 0 0 0 0
99 0 0 0 0 0
99 0 0 0 0 0
99 0 0 0 0 0
99 0 0 0 0 0
99 0 0 0 0 0
99 0 0 0 0 0
99 0 0 0 0 0
8 0 0 0 91 0
99 0 0 0 0 0
0 0 0 0 99 0
99 0 0 0 0 0
99 0 0 0 0 0
2 97 0 0 0 0
0 99 0 0 0 0
0 99 0 0 0 0
0 99 0 0 0 0
0 0 0 0 0 99
0 0 0 0 0 99
0 99 0 0 0 0
0 99 0 0 0 0
0 99 0 0 0 0
0 99 0 0 0 0
0 99 0 0 0 0
0 99 0 0 0 0
0 18 81 0 0 0
0 0 0 0 0 99
0 0 0 0 0 99
0 0 0 0 0 99
0 0 0 0 0 99
0 0 0 0 0 99
0 99 0 0 0 0
0 99 0 0 0 0
0 99 0 0 0 0
0 94 0 0 0 5
0 0 0 0 0 99
0 99 0 0 0 0
0 92 0 0 0 7
0 99 0 0 0 0
0 99 0 0 0 0
6 77 0 0 0 15
0 99 0 0 0 0
0 99 0 0 0 0
0 99 0 0 0 0
0 98 1 0 0 0
99 0 0 0 0 0
99 0 0 0 0 0
99 0 0 0 0 0
99 0 0 0 0 0
99 0 0 0 0 0
99 0 0 0 0 0
99 0 0 0 0 0
99 0 0 0 0 0
99 0 0 0 0 0
99 0 0 0 0 0
0 0 0 0 99 0
99 0 0 0 0 0
99 0 0 0 0 0
0 0 0 0 99 0
0 0 0 0 99 0
0 0 0 0 0 99
0 99 0 0 0 0
0 99 0 0 0 0
0 99 0 0 0 0
7 0 0 0 0 91
0 99 0 0 0 0
0 99 0 0 0 0
0 99 0 0 0 0
0 99 0 0 0 0
0 2 0 0 0 96
0 99 0 0 0 0
0 0 0 0 0 99
0 0 0 0 0 99
0 0 0 0 0 99
0 0 0 0 0 99
0 0 0 0 0 99
0 99 0 0 0 0
0 99 0 0 0 0
0 96 2 0 0 0
0 99 0 0 0 0
0 99 0 0 0 0
0 99 0 0 0 0
0 99 0 0 0 0
0 99 0 0 0 0
0 99 0 0 0 0
0 99 0 0 0 0
0 95 0 0 0 3
0 99 0 0 0 0
0 99 0 0 0 0
0 99 0 0 0 0
99 0 0 0 0 0
0 99 0 0 0 0
99 0 0 0 0 0
99 0 0 0 0 0
99 0 0 0 0 0
99 0 0 0 0 0
99 0 0 0 0 0
99 0 0 0 0 0
99 0 0 0 0 0
0 0 0 0 99 0
0 0 0 0 99 0
99 0 0 0 0 0
0 99 0 0 0 0
99 0 0 0 0 0
0 99 0 0 0 0
16 0 0 0 82 0
0 99 0 0 0 0
0 82 0 0 0 17
0 99 0 0 0 0
0 99 0 0 0 0
0 97 2 0 0 0
0 99 0 0 0 0
0 0 0 0 0 99
0 0 0 0 0 99
0 5 0 0 0 93
0 99 0 0 0 0
0 0 0 0 0 99
0 0 0 0 0 99
0 0 0 0 0 99
0 0 0 0 0 99
0 0 0 0 0 99
0 0 0 0 0 99
0 97 0 0 0 2
0 99 0 0 0 0
0 99 0 0 0 0
0 99 0 0 0 0
0 99 0 0 0 0
0 99 0 0 0 0
0 73 14 0 0 12
0 99 0 0 0 0
18 73 0 0 0 7
0 99 0 0 0 0
0 99 0 0 0 0
0 99 0 0 0 0
0 99 0 0 0 0
99 0 0 0 0 0
99 0 0 0 0 0
99 0 0 0 0 0
99 0 0 0 0 0
90 0 9 0 0 0
99 0 0 0 0 0
99 0 0 0 0 0
99 0 0 0 0 0
99 0 0 0 0 0
0 0 0 0 99 0
99 0 0 0 0 0
99 0 0 0 0 0
99 0 0 0 0 0
0 99 0 0 0 0
0 0 0 0 0 98
0 99 0 0 0 0
0 99 0 0 0 0
0 99 0 0 0 0
0 99 0 0 0 0
0 99 0 0 0 0
0 99 0 0 0 0
0 99 0 0 0 0
0 99 0 0 0 0
0 99 0 0 0 0
0 99 0 0 0 0
0 0 0 0 0 99
0 0 0 0 0 99
0 0 0 0 0 99
0 0 0 0 0 98
0 0 0 0 0 98
0 99 0 0 0 0
0 99 0 0 0 0
0 1 13 0 0 84
0 99 0 0 0 0
0 99 0 0 0 0
0 99 0 0 0 0
0 99 0 0 0 0
0 99 0 0 0 0
0 99 0 0 0 0
0 99 0 0 0 0
0 99 0 0 0 0
99 0 0 0 0 0
99 0 0 0 0 0
0 99 0 0 0 0
99 0 0 0 0 0
99 0 0 0 0 0
99 0 0 0 0 0
0 97 0 0 0 1
99 0 0 0 0 0
99 0 0 0 0 0
99 0 0 0 0 0
99 0 0 0 0 0
99 0 0 0 0 0
99 0 0 0 0 0
98 1 0 0 0 0
0 35 0 0 63 0
0 99 0 0 0 0
0 91 5 0 0 2
0 99 0 0 0 0
0 0 0 0 0 99
0 99 0 0 0 0
0 99 0 0 0 0
0 0 1 0 0 98
0 99 0 0 0 0
0 99 0 0 0 0
0 99 0 0 0 0
0 99 0 0 0 0
0 0 0 0 0 99
0 0 0 0 0 99
0 0 0 0 0 99
0 20 1 0 0 78
0 0 0 0 0 99
0 0 0 0 0 99
0 99 0 0 0 0
0 5 0 0 0 94
0 99 0 0 0 0
0 99 0 0 0 0
0 99 0 0 0 0
0 27 0 0 0 71
0 99 0 0 0 0
0 99 0 0 0 0
0 99 0 0 0 0
0 99 0 0 0 0
0 99 0 0 0 0
99 0 0 0 0 0
0 99 0 0 0 0
99 0 0 0 0 0
99 0 0 0 0 0
99 0 0 0 0 0
99 0 0 0 0 0
99 0 0 0 0 0
99 0 0 0 0 0
99 0 0 0 0 0
99 0 0 0 0 0
0 0 0 0 99 0
99 0 0 0 0 0
0 99 0 0 0 0
0 99 0 0 0 0
0 99 0 0 0 0
0 99 0 0 0 0
0 30 1 0 0 66
0 99 0 0 0 0
0 99 0 0 0 0
0 99 0 0 0 0
0 10 0 0 0 89
0 99 0 0 0 0
0 99 0 0 0 0
0 99 0 0 0 0
0 99 0 0 0 0
0 99 0 0 0 0
0 0 0 0 0 99
0 1 0 0 0 97
0 0 0 0 0 99
0 0 0 0 0 99
0 0 0 0 0 99
0 0 0 0 0 99
0 99 0 0 0 0
0 99 0 0 0 0
0 99 0 0 0 0
0 99 0 0 0 0
0 99 0 0 0 0
0 0 0 0 0 99
0 99 0 0 0 0
0 91 0 0 0 8
0 99 0 0 0 0
0 99 0 0 0 0
0 99 0 0 0 0
0 99 0 0 0 0
0 98 0 0 0 0
0 99 0 0 0 0
99 0 0 0 0 0
99 0 0 0 0 0
99 0 0 0 0 0
99 0 0 0 0 0
99 0 0 0 0 0
99 0 0 0 0 0
99 0 0 0 0 0
99 0 0 0 0 0
99 0 0 0 0 0
89 0 0 0 10 0
0 11 0 0 86 1
0 2 0 0 2 94
0 99 0 0 0 0
0 99 0 0 0 0
0 90 0 0 0 8
0 99 0 0 0 0
0 99 0 0 0 0
0 99 0 0 0 0
0 99 0 0 0 0
0 0 0 0 0 99
0 0 0 0 0 99
0 0 0 0 0 99
0 0 0 0 0 99
0 0 0 0 0 99
0 0 0 0 0 99
0 0 0 0 0 99
0 0 0 0 0 99
0 96 0 0 0 3
0 99 0 0 0 0
0 99 0 0 0 0
0 99 0 0 0 0
0 99 0 0 0 0
0 99 0 0 0 0
0 99 0 0 0 0
0 99 0 0 0 0
0 99 0 0 0 0
0 99 0 0 0 0
0 99 0 0 0 0
0 99 0 0 0 0
99 0 0 0 0 0
99 0 0 0 0 0
99 0 0 0 0 0
99 0 0 0 0 0
99 0 0 0 0 0
99 0 0 0 0 0
99 0 0 0 0 0
99 0 0 0 0 0
99 0 0 0 0 0
96 0 3 0 0 0
99 0 0 0 0 0
95 4 0 0 0 0
95 2 0 0 0 1
0 6 1 0 0 91
0 98 0 0 0 1
0 99 0 0 0 0
0 99 0 0 0 0
0 99 0 0 0 0
0 0 0 0 0 99
0 99 0 0 0 0
0 99 0 0 0 0
0 8 0 0 0 91
0 99 0 0 0 0
0 0 0 0 0 99
0 0 0 0 0 99
0 0 0 0 0 99
0 0 0 0 0 99
0 0 0 0 0 99
0 0 0 0 0 99
0 99 0 0 0 0
0 0 0 0 0 99
0 99 0 0 0 0
0 99 0 0 0 0
0 90 0 0 0 9
0 98 0 0 0 1
0 99 0 0 0 0
0 99 0 0 0 0
0 65 33 0 0 0
0 0 0 0 0 99
0 99 0 0 0 0
99 0 0 0 0 0
99 0 0 0 0 0
99 0 0 0 0 0
99 0 0 0 0 0
99 0 0 0 0 0
99 0 0 0 0 0
99 0 0 0 0 0
99 0 0 0 0 0
99 0 0 0 0 0
0 99 0 0 0 0
0 61 1 0 5 30
99 0 0 0 0 0
0 97 0 0 0 1
0 99 0 0 0 0
0 99 0 0 0 0
0 99 0 0 0 0
1 94 0 0 0 3
0 99 0 0 0 0
0 99 0 0 0 0
0 99 0 0 0 0
0 99 0 0 0 0
0 99 0 0 0 0
0 0 0 0 0 99
0 0 0 0 0 99
0 0 0 0 0 99
0 0 0 0 0 99
0 3 6 0 0 89
0 0 0 0 0 99
0 0 0 0 0 99
0 99 0 0 0 0
0 99 0 0 0 0
0 99 0 0 0 0
0 76 0 0 0 22
0 99 0 0 0 0
0 98 0 0 0 0
0 97 0 0 0 1
0 99 0 0 0 0
0 97 1 0 0 0
14 19 0 0 2 62
99 0 0 0 0 0
99 0 0 0 0 0
99 0 0 0 0 0
99 0 0 0 0 0
99 0 0 0 0 0
99 0 0 0 0 0
99 0 0 0 0 0
99 0 0 0 0 0
99 0 0 0 0 0
99 0 0 0 0 0
34 0 0 0 64 0
99 0 0 0 0 0
21 22 4 0 0 52
0 0 0 0 0 99
0 0 0 0 0 99
0 99 0 0 0 0
21 11 0 0 5 60
0 99 0 0 0 0
0 99 0 0 0 0
0 99 0 0 0 0
0 99 0 0 0 0
0 0 0 0 0 99
0 0 0 0 0 99
0 0 0 0 0 99
0 0 0 0 0 99
0 0 0 0 0 99
0 0 0 0 0 99
0 96 0 0 0 3
0 99 0 0 0 0
0 99 0 0 0 0
0 99 0 0 0 0
0 94 0 0 0 5
0 61 0 0 0 38
0 99 0 0 0 0
0 99 0 0 0 0
2 88 0 0 0 9
0 99 0 0 0 0
0 99 0 0 0 0
99 0 0 0 0 0
99 0 0 0 0 0
99 0 0 0 0 0
99 0 0 0 0 0
99 0 0 0 0 0
99 0 0 0 0 0
99 0 0 0 0 0
