0 48
0 38
0 6
0 53
0 3
0 36
0 18
0 40
0 33
0 23
1 13
1 49
1 76
1 72
1 95
1 54
1 107
1 7
1 89
1 8
1 23
1 36
1 44
2 81
2 29
2 24
2 8
2 44
2 132
2 144
2 97
2 120
2 156
3 18
3 67
3 33
3 48
3 43
3 40
3 53
3 58
3 107
3 6
3 38
3 95
4 153
4 129
4 105
4 192
4 99
4 28
4 176
4 41
4 93
4 117
5 346
5 323
5 372
5 376
5 380
5 364
5 181
5 384
5 341
6 53
6 48
6 40
6 33
6 43
6 62
6 18
7 95
7 36
7 38
7 107
7 13
7 67
7 49
7 54
7 23
8 29
8 44
8 24
8 54
8 81
8 49
8 13
8 14
9 15
9 92
9 60
9 10
9 57
9 91
9 20
9 47
9 50
10 79
10 15
10 87
10 56
10 21
10 26
10 93
10 31
10 16
11 37
11 42
11 47
11 79
11 16
11 124
11 75
11 51
11 62
12 276
12 289
12 311
12 266
12 307
12 298
12 271
12 285
12 145
12 261
13 49
13 54
13 95
13 76
13 72
13 107
13 44
13 23
13 24
13 29
13 36
13 38
14 52
14 138
14 167
14 113
14 29
14 58
14 178
14 81
15 20
15 56
15 46
15 92
15 31
15 87
15 60
16 79
16 112
16 21
16 51
16 27
16 26
16 124
16 61
16 70
16 37
16 93
17 326
17 378
17 353
17 273
17 299
17 286
17 263
17 253
17 205
17 39
17 80
17 312
18 67
18 33
18 43
18 58
18 40
18 48
18 107
18 53
18 52
18 95
19 96
19 70
19 61
19 141
19 27
19 147
19 51
19 112
19 26
19 124
19 135
20 35
20 25
20 45
20 104
20 56
20 46
20 92
20 57
20 91
21 26
21 112
21 27
21 51
21 87
21 61
21 79
21 70
21 93
21 96
21 124
22 297
22 337
22 306
22 351
22 284
22 275
22 268
22 384
22 146
22 364
23 38
23 36
23 95
23 54
23 49
24 44
24 29
24 54
24 81
24 49
24 120
25 104
25 152
25 35
25 45
25 116
25 69
25 82
25 46
25 50
25 55
25 57
25 91
26 87
26 112
26 61
26 27
26 70
26 51
26 96
26 46
26 56
26 79
26 93
26 123
26 124
27 51
27 112
27 124
27 70
27 61
27 79
27 87
27 96
28 93
28 31
28 117
28 176
28 153
28 41
28 129
28 105
29 44
29 81
29 54
29 49
29 120
30 162
30 88
30 234
30 215
30 277
30 73
30 121
30 151
30 127
30 174
30 249
31 93
31 56
31 117
31 46
31 41
31 79
32 64
32 179
32 229
32 184
32 339
32 244
32 282
32 109
32 239
32 220
33 43
33 40
33 53
33 58
33 67
33 48
33 113
34 102
34 59
34 126
34 120
34 90
34 194
34 72
34 132
34 85
35 45
35 104
35 82
35 152
35 55
35 116
35 69
36 38
36 95
36 54
36 107
37 42
37 47
37 75
37 62
37 79
37 124
37 51
38 95
38 107
38 48
39 286
39 299
39 253
39 228
39 205
39 248
39 239
39 273
39 189
39 312
39 330
39 357
39 361
40 43
40 53
40 58
40 48
40 62
40 71
41 117
41 46
41 56
41 153
41 158
41 129
41 105
41 93
41 176
42 47
42 75
42 124
42 62
42 51
42 94
42 106
43 58
43 53
43 67
43 48
43 113
43 52
44 54
44 49
44 81
45 104
45 82
45 152
45 116
45 55
45 86
45 133
46 56
46 123
46 87
46 117
46 93
46 74
46 65
47 75
47 62
47 124
47 71
47 94
47 79
48 53
48 67
49 54
49 81
49 102
50 91
50 57
50 60
50 92
50 122
50 104
50 123
51 124
51 112
51 70
51 61
51 79
52 58
52 67
52 119
52 113
52 107
52 89
52 138
53 58
53 62
54 81
55 133
55 82
55 104
55 116
55 86
55 168
56 93
56 87
56 117
56 123
57 91
57 60
57 92
57 122
57 104
58 113
58 67
58 119
58 107
59 120
59 126
59 102
59 90
59 194
59 132
59 144
59 161
59 103
60 92
60 91
60 123
60 87
60 122
60 65
61 70
61 96
61 147
61 112
61 87
61 65
61 74
61 123
61 124
61 141
62 71
62 84
62 75
62 94
62 130
62 136
63 237
63 187
63 208
63 198
63 135
63 213
63 159
63 242
63 171
64 339
64 179
64 282
64 184
64 244
64 229
64 273
64 80
64 220
64 291
65 74
65 147
65 111
65 123
65 141
65 87
65 70
65 140
65 92
66 161
66 150
66 229
66 194
66 290
66 90
66 272
66 224
66 126
66 109
67 107
67 95
67 119
67 89
68 220
68 115
68 103
68 156
68 109
68 97
68 179
68 244
68 144
69 152
69 134
69 116
69 140
69 78
69 104
69 98
69 86
69 82
69 158
70 96
70 112
70 147
70 141
70 74
70 87
70 123
70 124
71 84
71 94
71 130
71 75
71 136
71 106
71 100
72 76
72 102
72 214
72 89
72 85
72 126
73 174
73 121
73 127
73 151
73 88
73 162
73 215
73 234
73 190
74 147
74 123
74 111
74 141
74 87
74 96
74 92
75 94
75 106
75 130
75 100
75 136
75 84
76 89
76 119
76 149
76 107
76 214
76 131
77 207
77 169
77 185
77 241
77 206
77 191
77 146
77 231
77 288
77 110
77 319
78 140
78 134
78 217
78 158
78 186
78 202
78 111
78 98
79 112
79 124
79 87
80 282
80 339
80 273
80 291
80 378
80 326
80 205
80 244
80 313
80 358
80 362
81 120
81 102
81 132
82 116
82 86
82 152
82 104
82 133
82 168
82 201
82 216
83 141
83 147
83 232
83 135
83 192
83 99
83 111
83 96
83 105
83 129
83 153
83 227
84 94
84 130
84 136
84 106
84 100
84 154
85 108
85 155
85 272
85 294
85 214
85 161
85 90
85 194
85 166
85 126
86 116
86 152
86 201
86 168
86 104
86 98
86 245
86 133
86 211
86 216
87 123
87 112
87 147
87 92
87 93
88 162
88 121
88 234
88 151
88 215
88 127
88 174
88 249
88 277
89 119
89 149
89 131
89 107
89 114
89 95
90 194
90 126
90 161
90 102
90 120
90 108
90 272
91 92
91 122
91 104
92 123
93 112
93 117
94 130
94 106
94 136
94 100
94 118
95 107
95 119
96 141
96 147
96 112
97 156
97 144
97 103
97 115
97 132
97 109
97 120
98 175
98 236
98 128
98 186
98 134
98 163
98 255
98 191
98 140
98 139
98 180
98 217
98 245
98 250
99 192
99 105
99 129
99 153
99 232
99 158
99 176
99 246
100 106
100 118
100 130
100 136
100 165
100 154
100 148
100 159
101 164
101 251
101 206
101 227
101 324
101 302
101 222
101 169
101 185
101 232
101 246
102 120
102 126
102 194
102 132
103 115
103 144
103 109
103 156
103 132
103 220
104 152
104 116
105 129
105 153
105 192
105 158
105 176
106 130
106 118
106 136
106 154
106 148
107 119
108 155
108 272
108 294
108 161
108 214
108 150
108 166
109 115
109 179
109 144
109 220
109 156
110 222
110 206
110 246
110 185
110 241
110 207
110 319
110 260
110 164
111 147
111 140
111 135
111 141
111 123
111 232
112 124
113 125
113 142
113 119
113 149
113 131
113 114
114 131
114 137
114 209
114 172
114 125
114 149
114 200
114 183
114 143
114 119
114 138
114 142
114 178
115 144
115 156
115 132
115 220
115 179
116 152
116 134
116 133
117 153
117 129
117 176
118 136
118 130
118 165
118 159
118 154
118 148
118 171
118 182
119 149
119 131
120 132
120 126
120 194
120 144
121 151
121 127
121 174
121 162
121 210
121 215
121 167
121 234
122 180
122 139
122 212
122 226
122 198
122 213
122 159
122 171
122 187
123 147
125 142
125 131
125 137
125 149
125 209
125 172
125 193
126 194
126 161
126 132
126 144
127 151
127 174
127 210
127 162
127 215
127 167
127 234
128 236
128 175
128 191
128 169
128 186
128 255
128 163
128 231
128 134
128 139
128 202
128 260
129 153
129 192
129 158
129 176
130 136
130 154
130 148
131 149
131 209
131 172
131 137
131 200
132 144
132 194
132 156
133 168
133 216
133 201
133 211
134 140
134 186
134 236
134 175
134 217
134 139
134 152
134 202
135 141
135 187
135 198
135 147
135 237
135 159
136 154
136 148
136 182
136 142
136 165
137 209
137 172
137 200
137 183
137 199
137 143
137 166
137 138
137 149
137 178
138 167
138 210
138 178
138 215
138 209
139 180
139 226
139 212
139 186
139 236
140 186
140 217
140 202
140 236
140 158
141 147
142 193
142 148
142 154
142 182
142 165
142 223
143 166
143 183
143 214
143 172
143 209
143 200
143 199
143 178
143 155
143 204
143 294
144 156
145 298
145 285
145 307
145 338
145 258
145 320
145 325
145 257
145 247
145 252
145 262
146 275
146 241
146 351
146 207
146 185
146 288
146 306
146 310
146 221
146 297
146 319
148 154
148 182
148 165
148 193
149 172
149 209
150 290
150 161
150 224
150 272
150 229
150 173
150 294
150 155
150 219
151 174
151 162
151 210
151 215
151 167
153 192
153 176
153 158
154 182
154 165
154 193
155 294
155 272
155 214
155 166
155 161
156 220
157 196
157 288
157 231
157 255
157 250
157 163
157 245
157 310
157 221
157 160
157 195
157 230
157 254
157 259
157 264
157 319
158 217
158 202
158 192
159 171
159 198
159 165
159 187
159 182
159 213
159 237
160 195
160 196
160 240
160 264
160 355
160 274
160 221
160 310
160 211
160 230
160 254
161 272
161 194
161 290
162 234
162 215
162 277
162 167
162 174
162 190
162 210
163 255
163 231
163 191
163 175
163 250
163 236
163 169
163 245
163 260
164 227
164 222
164 232
164 246
164 206
164 324
164 251
165 182
165 171
165 193
166 214
166 172
166 209
166 183
166 200
166 178
166 294
167 210
167 178
167 215
167 234
168 201
168 216
168 211
168 264
168 245
168 250
169 191
169 206
169 207
169 236
169 231
169 185
169 255
169 175
169 222
169 241
170 375
170 309
170 327
170 340
170 300
170 322
170 379
170 332
170 318
170 177
170 363
171 198
171 182
171 242
171 213
171 218
171 187
171 193
171 237
172 209
172 200
172 183
172 199
172 178
172 214
173 248
173 239
173 224
173 189
173 184
173 290
173 229
173 228
173 205
173 219
173 243
174 215
174 234
175 236
175 255
175 191
175 231
175 186
175 202
175 217
175 245
175 250
175 260
176 192
177 375
177 379
177 265
177 340
177 367
177 300
177 383
177 345
178 209
178 183
178 200
178 210
179 244
179 220
179 282
179 339
179 291
180 226
180 212
180 213
180 208
180 242
180 186
181 301
181 323
181 314
181 368
181 384
181 341
181 346
181 279
181 372
181 268
181 328
181 364
181 376
181 380
182 193
182 223
183 200
183 199
183 209
183 204
183 214
183 233
184 239
184 248
184 205
184 229
184 299
184 224
184 189
184 273
184 282
184 339
185 241
185 207
185 206
185 270
185 275
185 324
185 251
185 306
185 351
186 236
186 217
186 202
186 212
186 227
187 198
187 237
187 208
187 213
187 242
188 377
188 381
188 369
188 373
188 343
188 325
188 320
188 197
188 307
189 248
189 224
189 239
189 228
189 290
189 243
189 219
189 361
190 234
190 215
190 226
190 271
190 305
190 285
190 247
191 231
191 255
191 236
191 207
191 206
191 250
191 260
191 288
192 232
193 223
193 218
195 274
195 240
195 264
195 235
195 355
195 196
195 303
195 211
196 288
196 310
196 221
196 231
196 245
196 255
196 355
196 230
196 250
196 254
196 319
197 329
197 315
197 356
197 342
197 373
197 369
197 311
197 347
197 377
197 287
197 333
197 360
197 363
197 381
198 237
198 213
198 208
198 242
198 218
199 200
199 204
199 233
199 209
199 238
200 209
200 204
200 233
201 216
201 211
201 264
201 245
201 250
202 217
202 260
202 236
202 246
203 348
203 316
203 334
203 343
203 295
203 365
203 357
203 352
203 325
203 349
203 382
204 233
204 238
204 257
204 252
204 258
204 247
205 299
205 286
205 273
205 248
205 239
205 228
205 253
205 282
205 339
206 207
206 241
206 324
206 270
206 222
206 227
206 251
206 302
207 241
207 275
207 270
207 324
208 237
208 213
208 242
208 256
208 218
208 302
208 212
208 226
209 214
210 215
210 234
211 216
211 264
211 245
212 226
212 213
212 256
212 237
213 242
213 237
213 218
213 261
213 226
214 294
215 234
215 277
216 264
216 245
216 250
217 260
217 236
217 246
218 242
218 223
218 261
218 271
218 266
218 226
219 281
219 267
219 243
219 294
219 224
219 290
220 244
221 310
221 355
221 303
221 288
221 292
221 279
221 230
221 254
221 259
221 287
222 246
222 227
222 232
222 324
223 247
223 271
223 252
223 242
223 233
224 290
224 229
224 248
224 239
225 249
225 278
225 366
225 317
225 357
225 295
225 273
225 339
225 282
225 349
226 242
226 261
227 232
227 246
227 251
228 286
228 253
228 299
228 248
228 239
228 361
228 243
228 312
229 290
229 239
229 248
230 254
230 259
230 287
230 305
230 269
231 255
231 288
231 236
231 245
231 250
231 260
231 319
232 246
233 238
233 252
233 257
233 247
233 258
234 277
235 332
235 240
235 292
235 318
235 355
235 303
235 359
235 274
235 314
236 255
236 260
237 242
238 257
238 258
238 262
238 252
238 281
238 338
238 267
238 277
239 248
239 299
239 290
240 274
240 355
240 292
240 332
240 303
240 318
241 275
241 270
241 351
241 284
241 306
241 324
242 261
242 266
243 267
243 281
243 365
243 352
243 262
244 282
244 291
244 339
245 250
245 255
245 264
247 252
247 271
247 285
247 257
247 258
248 299
248 253
248 286
248 290
249 278
249 317
249 366
249 339
249 282
249 273
250 255
250 264
251 302
251 324
251 256
251 270
251 283
251 280
252 257
252 285
252 258
252 271
253 286
253 299
253 312
253 361
253 326
253 330
254 259
254 287
254 305
254 269
255 260
255 288
256 280
256 302
256 283
256 261
256 266
256 289
256 347
257 258
257 285
257 262
257 338
258 285
258 262
258 338
258 298
258 352
259 269
259 305
259 287
259 310
259 288
260 319
261 266
261 276
261 289
261 271
261 280
262 352
262 338
262 365
262 267
262 281
262 277
262 334
263 353
263 370
263 326
263 378
263 304
263 321
263 344
263 335
263 330
263 331
263 362
263 374
264 274
265 367
265 340
265 379
265 383
265 345
265 322
265 375
265 300
265 309
265 354
265 371
266 276
266 289
266 271
266 311
266 280
267 281
267 352
267 365
267 277
267 338
268 279
268 384
268 337
268 368
268 301
268 297
268 351
268 303
268 364
269 305
269 287
269 347
269 315
269 356
269 329
269 308
270 324
270 306
270 284
270 351
270 275
270 293
270 297
271 276
271 285
272 294
272 290
273 339
273 299
273 282
273 286
273 291
273 326
273 353
273 378
274 318
274 355
274 332
274 292
275 351
275 306
275 297
275 284
275 310
276 289
276 311
276 307
276 280
276 298
277 281
278 366
278 317
278 295
278 357
278 349
278 348
278 334
278 382
279 384
279 368
279 301
279 314
279 323
279 292
279 303
279 337
280 283
280 347
280 302
280 289
280 293
280 308
280 315
280 356
281 352
281 294
281 365
282 339
282 291
282 313
282 358
283 347
283 293
283 308
283 302
283 356
283 315
283 289
284 306
284 297
284 293
284 351
284 308
284 337
285 298
285 307
285 338
286 299
286 312
286 326
286 330
286 361
287 305
287 363
287 329
288 310
288 319
289 311
289 315
289 347
289 329
289 307
291 339
291 362
291 313
291 358
292 303
292 355
292 368
292 332
292 314
292 301
292 310
293 308
293 356
293 347
293 333
293 342
293 302
293 324
295 366
295 317
295 357
295 348
295 334
295 365
295 349
295 316
295 382
296 336
296 350
296 318
296 359
296 322
296 332
296 327
296 383
296 309
297 306
297 351
297 337
297 364
298 307
298 320
298 325
298 338
298 311
299 312
299 326
299 339
299 361
300 340
300 309
300 327
300 375
300 322
300 367
300 379
300 345
300 354
300 371
300 383
301 368
301 314
301 384
301 323
301 341
301 346
301 328
301 364
301 372
301 376
301 380
302 324
303 355
303 310
303 368
303 332
304 370
304 344
304 335
304 321
304 353
304 374
304 378
304 331
305 315
305 329
305 347
305 356
306 351
306 337
307 320
307 311
307 325
307 381
308 356
308 333
308 347
308 342
308 329
308 315
308 360
309 327
309 322
309 340
309 375
309 318
309 345
309 336
310 355
310 319
311 315
311 329
311 347
311 320
312 330
312 361
312 316
312 374
313 362
313 358
313 331
313 378
313 353
313 326
314 368
314 323
314 341
314 384
314 332
314 346
314 328
314 359
314 372
314 376
314 380
315 329
315 347
315 356
315 342
315 333
315 360
316 348
316 334
316 365
316 361
316 357
316 352
316 330
317 366
317 357
317 349
317 334
317 348
317 382
318 336
318 359
318 332
318 350
318 327
320 325
320 343
320 338
320 377
320 369
320 373
320 381
321 370
321 344
321 374
321 335
321 353
321 330
321 326
321 382
322 340
322 327
322 345
322 383
322 367
322 379
322 336
322 350
322 354
322 371
323 346
323 341
323 384
323 372
323 376
323 328
323 364
323 368
323 380
325 343
325 338
325 377
325 334
325 352
325 369
325 381
326 353
326 378
326 370
326 344
326 358
326 362
327 340
327 375
327 336
327 345
327 354
327 371
327 383
328 341
328 368
328 332
328 359
328 384
329 347
329 356
329 342
329 333
329 360
329 369
329 373
329 377
330 361
330 370
330 374
331 362
331 335
331 378
331 344
331 370
331 353
331 358
332 359
332 368
332 341
332 336
332 350
333 342
333 360
333 356
333 347
334 365
334 352
334 343
334 348
334 338
334 357
334 366
335 344
335 370
335 374
335 353
335 378
336 350
336 359
336 383
337 384
337 364
337 351
338 352
338 365
338 343
340 367
340 375
340 379
340 345
340 383
340 354
340 371
341 376
341 372
341 346
341 359
341 368
341 350
341 380
342 360
342 356
342 347
342 363
342 373
343 381
343 377
343 369
343 348
343 365
344 370
344 374
344 353
344 378
344 382
345 383
345 367
345 379
345 354
345 371
346 372
346 376
346 380
347 356
347 360
348 357
348 382
348 365
348 349
348 366
349 382
349 366
349 357
350 359
350 376
350 372
352 365
353 378
353 370
353 358
353 362
353 374
354 371
354 383
354 367
355 368
356 360
357 366
357 365
358 362
358 378
359 376
360 373
360 363
362 378
363 373
363 369
363 377
363 381
364 384
366 382
367 383
367 379
367 375
367 371
368 384
369 373
369 377
369 381
370 374
370 378
371 383
372 376
372 380
373 377
373 381
375 379
375 383
376 380
377 381
379 383
